29839: (-3137.6999983948454, -3070.4999985665077, -3065.9999986648568, -2508.099998623728, -3034.5999990439409, -3257.0999984270329, -2417.6999989034721, -2385.999998664855, -2452.8999985092869, -2534.1000001337134)
72679: (-2388.6000152146808, -3110.0000140150382, -4400.8000107693661, -3177.600014588832, -4231.0000118315211, -2955.6000135159484, -3109.6000149067245, -6384.700024324854, -3069.1000211006385, -3659.2000132155417)
109888: (-4426.6000078833085, -2553.2000148447346, -2937.6000133172661, -3035.6000181253739, -1929.2000133347501, -3639.7000125847253, -2617.6000130987172, -3173.2000137519835, -3037.2000202290196, -3669.2000183415398)
147293: (-2680.700013389388, -2606.400013310114, -2635.6000144696231, -2559.6000135159484, -4421.0000091572592, -3024.200014020204, -3238.4000113431612, -4230.6000131881228, -3329.2000023078913, -3055.2000144672388)
188027: (-3134.2000146261844, -3746.2000079504642, -2469.6000150259333, -2502.7000141642475, -4385.6000106549254, -3702.0000196576111, -4798.1000126069775, -3160.0000145316117, -3707.8000179616597, -4184.6000147497643)
224678: (-3799.6000038599959, -3108.000013975301, -2627.6000116920468, -3187.6000151054063, -3106.200015271902, -3220.6000146782389, -2108.6000133669359, -3097.6000145888324, -2622.0000142534559, -3729.2000113876657)
260045: (-2496.0000136017788, -2618.6000135258828, -2659.6000146285683, -2579.6000135159488, -2555.6000136748944, -3314.6000026082984, -3233.000014744202, -3747.7000096839661, -2518.6000127907591, -3149.6000138735767)
296722: (-2536.6000144795576, -3103.6000213042889, -3647.600013806024, -3313.6000022308017, -3722.6000093535586, -3051.2000148049988, -3103.6000142312037, -2534.6000129497043, -3047.5000139147037, -2603.6000133570033)
333028: (-3689.6000142510725, -2625.200013255278, -2544.0000155250232, -3073.2000135731691, -4348.1000117129079, -2526.0000132997825, -3073.2000135731696, -2572.0000138163559, -2575.7000126085677, -2492.6000129695731)
374511: (-3158.0000134587285, -2673.6000148908288, -2006.0000128626812, -4295.600015512704, -3953.60000493288, -2564.6000152842203, -2495.6000136748939, -3021.2000212721018, -3660.6000169432155, -7744.0000261068335)
412692: (-2538.5000126689674, -2589.6000161186853, -3734.0000095248215, -3741.6000131583201, -3208.0000152468674, -4483.6000107343989, -4519.2000037980069, -3755.0000161230555, -2674.0000115712487, -3662.0000169555333)
449702: (-4211.2000141493472, -2029.2000133347501, -2473.6000160193439, -3100.2000141791495, -2645.0000132799146, -3303.6000017142287, -4388.2000095299863, -3094.2000147155914, -2542.0000154256822, -2990.0000210881226)
486355: (-2531.0000151574604, -2483.6000133570033, -4255.600015423297, -2473.2000129373873, -3142.0000143329298, -2022.0000123461082, -2479.6000154829017, -4299.0000125944607, -2546.0000132997825, -4377.600009224414)
524278: (-3081.2000142884249, -4380.2000108015527, -2481.2000126194948, -2678.0000136176736, -3179.1000143653146, -3157.6000145888329, -2129.2000130009628, -3063.6000142312046, -3152.3000148572523, -4227.6000139927855)
561584: (-3149.2000150036806, -3096.0000209093073, -2345.2000151626257, -2562.0000143329298, -3704.8000168251979, -2617.2000143678979, -3706.600016764402, -3010.0000190536171, -3172.8000147032731, -3316.6000125126034)
598853: (-3122.0000156044953, -2543.6000133570024, -2906.4000211739526, -4542.5000037282698, -2533.0000130514304, -3276.5000113099813, -3141.2000142884244, -3061.2000142884253, -3149.2000150036802, -3254.100013441443)
635562: (-2598.0000126083687, -3131.0000151574613, -3613.2000154805173, -3839.2000108710922, -3087.600014072259, -3137.0000146210186, -2674.0000137766192, -3112.8000147032735, -3119.7000143331279, -3683.2000186991681)
672586: (-3631.60001828432, -2607.2000132354092, -2677.600014588832, -3607.6000139927846, -3080.600014320612, -4511.100007749199, -2711.6000146285687, -2548.6000150358677, -2493.0000130514291, -4368.000012099742)
709094: (-3146.8000148820875, -3723.6000168538076, -2663.0000158925841, -3185.1000152792535, -2487.6000163769704, -3463.000002026557, -3142.0000156044962, -2534.8000143655136, -2969.6000138735772, -3590.2000155699247)
746180: (-3132.0000138163559, -3051.6000209863969, -3557.2000170699748, -2463.0000129520881, -2646.0000132997825, -2651.2000146063165, -3036.6000123536578, -3125.0000141839187, -3741.2000169110279, -3682.1000168985124)
786075: (-4568.100007838606, -3969.6000050918251, -2581.6000127013526, -4522.6000082210703, -3914.6000145888324, -3188.7000138860935, -4402.6000107443324, -4297.4000153625002, -3631.600018284319, -3080.9000143045173)
822925: (-3082.4000129882484, -3126.0000141739847, -4461.600006363391, -3891.2000049900998, -2585.1000133122993, -3312.1000027523432, -2579.0000157833092, -4365.6000106549254, -3743.500013644496, -2469.2000150036811)
862083: (-3623.6000168538085, -4250.6000156517812, -4143.6000141517306, -1983.200013513564, -2509.2000130963324, -3132.0000138163568, -4521.600006363391, -3599.0000170449403, -4505.6000035023681, -2437.600014588832)
900608: (-3032.6000137841697, -2639.2000133744873, -4439.2000108710909, -3337.6000020718561, -2521.2000134142236, -3205.0000141839182, -4327.000014692544, -4579.2000042748441, -3081.2000213615083, -3973.0000054121015)
935621: (-2675.6000128205615, -3116.8000144251187, -3084.5000129471223, -2562.200013344685, -2585.0000127772482, -2554.4000137035046, -3201.0000141759706, -2496.0000157475461, -2551.600014747778, -3913.1000049676486)
971867: (-4213.2000154805173, -3611.6000182843195, -2646.0000132997834, -2481.000014640887, -3103.6000142312041, -2586.6000132675958, -3101.6000154630342, -3006.0000167965886, -3174.0000123580294, -2610.0000131408369)
1008616: (-3660.0000176429739, -2619.1000134315086, -3222.00001301368, -3785.2000165931372, -3653.6000124430657, -1965.1000128751984, -2524.5000128716219, -2661.2000134142231, -3237.6000144100185, -3014.400013544559)
1046688: (-2660.6000133868056, -2487.0000153164065, -2949.6000138735762, -4344.0000090082476, -3211.2000148049988, -3654.0000182270987, -2611.6000138338395, -2494.6000129497052, -3236.2000156096606, -4331.2000141493463)
1087011: (-3034.0000146746634, -5045.6000106549254, -3638.0000153660767, -3857.6000065223366, -4345.6000106549254, -4420.1000108585749, -3101.000021535157, -3015.6000135159484, -4520.0000038425123, -3068.0000152468683)
1122496: (-2492.0000150879214, -2471.60001383384, -2483.6000133570024, -3057.6000145888329, -3186.3000150360654, -2579.6000156617156, -3138.1000197595345, -2569.2000130963315, -2649.200013096332, -3673.2000154805164)
1158325: (-2473.600014747778, -2512.0000150879214, -2566.2000131857399, -3023.7000128549334, -3679.0000197470181, -3638.0000153660772, -3190.5000138610599, -4385.0000106871121, -2008.6000131881228, -2583.6000133570033)
1196141: (-3103.6000142312041, -3597.6000171220294, -2629.6000131781889, -4409.200010354517, -4343.0000107189007, -3325.6000035023676, -4622.6000070389109, -2558.5000145763152, -2609.2000138910603, -3603.0000168859947)
1233636: (-2485.6000153040877, -2363.2000153613089, -4330.8000182398146, -4030.6000052011009, -3141.2000142884249, -4398.6000109032775, -3693.6000159597388, -2105.4000123822675, -3067.2000141096114, -3000.7000131708382)
1271517: (-4575.000007390975, -2537.8000155079358, -4325.6000106549254, -4207.6000139927855, -3303.6000036513797, -4175.7000126641979, -2511.0000147640699, -1984.2000128877153, -3201.6000213241559, -3054.0000148892404)
1308281: (-2454.2000128678483, -3691.4000155413137, -3594.1000181700774, -2624.2000132354101, -4398.7000108462562, -3689.6000183637925, -3214.0000122984247, -3077.0000133494532, -2614.0000125447905, -2508.6000210758034)
1346631: (-2683.1000133321686, -3129.0000139057629, -3047.6000211453429, -3692.600015512704, -3659.600019714831, -3697.3000143903487, -3054.1000135606528, -3615.600015423297, -3909.2000036589288, -3106.0000141739838)
1383950: (-3061.2000142884249, -2599.0000158727166, -4304.6000140821925, -3614.6000173008433, -3139.6000143901501, -3141.0000132143496, -2983.6000142312046, -3216.1000146335359, -2529.9000138018523, -2568.0000152468674)
1422759: (-3669.2000156394624, -4348.0000126043942, -2607.0000132302434, -3103.2000153613089, -2628.6000131285182, -3069.6000138735772, -3218.0000134110451, -3703.6000168538076, -4381.0000107864525, -3696.2000133049482)
1459418: (-2539.8000134019039, -3118.6000134265423, -2574.6000136550269, -3102.7000142437209, -3053.2000135731696, -3642.2000158878154, -3857.600009224414, -3034.500012382864, -3636.0000093976655, -2547.0000152269995)
1497815: (-3126.6000141417981, -2256.4000125789626, -3123.6000142312041, -4590.0000064055112, -3647.6000166948625, -2737.6000121847787, -4211.2000136804572, -2582.4000140253697, -3058.7000127337374, -3815.5000093609087)
1534942: (-5031.9000104957813, -3871.2000049900994, -2997.600014588832, -2547.7000148695711, -3063.0000142633912, -3294.6000026082984, -3047.6000211453429, -2989.6000119662281, -3097.0000146210191, -2701.0000129361938)
1570972: (-4401.6000063633901, -2487.6000163769709, -3717.8000169384468, -3145.6000153040886, -2018.6000124728666, -3115.2000146460528, -3125.600021224815, -3299.6000018731738, -3086.6000141417971, -3132.0000138401983)
1608966: (-3101.5000141292812, -2417.2000157189359, -2535.6000128801652, -2609.0000132103764, -4338.1000126069775, -3112.2000147354597, -2982.6000142411385, -2990.0000127434732, -4340.4000108424807, -4446.2000106227379)
1648156: (-3205.6000140325227, -3392.2000023972969, -4492.0000057021771, -2545.6000153040886, -4234.2000127089013, -4340.8000107693661, -3397.6000020718557, -3078.0000134110451, -4440.0000098347646, -3687.600016694862)
1685663: (-2515.0000126262494, -2531.60001383384, -3164.0000145514805, -4428.0000105977051, -2648.6000131285186, -2606.0000132997834, -3130.6000131086507, -3687.6000128006935, -3123.2000140897435, -3182.8000140674899)
1721937: (-2600.6000130093098, -3074.0000148892395, -3666.6000186121455, -2684.6000151948124, -4516.0000075777352, -2631.6000129795079, -3137.6000145888329, -4082.6000036513801, -3145.2000151626266, -2612.5000147551291)
1757356: (-3688.3000183540571, -3188.2000150732188, -2590.4000149750709, -2475.1000128553305, -2660.600015592177, -3734.0000182270996, -3115.8000135568773, -3220.0000145316121, -2561.6000133768721, -2586.0000164786961)
1795302: (-3240.200015450715, -3090.0000149885809, -3735.0000181575606, -3242.3000153738249, -2553.8000159649041, -3782.6000141219297, -2622.0000134587285, -3166.6000138239065, -4966.8000106263153, -1926.0000128269185)
1834842: (-4200.5000152518332, -2526.0000132997829, -2510.1000130838156, -5103.6000108536064, -3666.0000167965873, -4343.6000141517306, -2659.6000136351572, -4466.6000078833094, -3042.4000142598147, -3137.600014410019)
1870571: (-2407.6000131980563, -3127.6000211453425, -2977.2000197720517, -2534.300015930135, -3133.6000138934451, -2453.2000129373869, -3135.2000146460528, -3133.0000149587786, -3017.2000144473709, -3916.5000067085016)
1906096: (-3002.4000140810012, -2569.6000119900705, -3081.0000131905076, -2581.6000125225382, -3143.600021304288, -3000.4000131869316, -2489.6000131185838, -3103.600014231205, -3503.600016853808, -2475.6000135159493)
1944398: (-2540.0000145316117, -4517.600009224414, -2997.0000121494131, -4467.0000072022267, -3212.6000150557356, -2629.0000132103755, -3058.2000143778318, -3268.000015246867, -3654.2000197025122, -3939.000002781549)
1983523: (-3444.4000017587332, -4521.6000063633901, -4214.4000154519072, -4405.6000106549254, -3715.000016123056, -3033.2000146063165, -4421.6000094628325, -3722.2000185898933, -2606.0000132997829, -4005.6000035023681)
2000832: (-3726.0000167965873, -2579.6000135159479, -3112.0000138163564, -2983.600014231205, -2608.6000150358677, -2538.2000135036301, -1929.2000138910603, -3025.6000121251736, -3167.6000151054059, -2395.2000146460528)
