1 0.0
2 0.0
3 0.0
4 0.0
5 0.0
6 0.0
7 0.0
8 0.0
9 0.0
10 0.0
11 0.0909090826446
12 0.166666652778
13 0.153846142012
14 0.21428569898
15 0.266666648889
16 0.312499980469
17 0.352941155709
18 0.388888867284
19 0.421052609418
20 0.4499999775
21 0.428571408163
22 0.454545433884
23 0.478260848771
24 0.499999979167
25 0.5199999792
26 0.538461517751
27 0.555555534979
28 0.57142855102
29 0.586206876338
30 0.59999998
31 0.612903206035
32 0.624999980469
33 0.63636361708
34 0.647058804498
35 0.628571410612
36 0.638888871142
37 0.648648631118
38 0.657894719529
39 0.641025624589
40 0.64999998375
41 0.658536569304
42 0.642857127551
43 0.651162775554
44 0.659090894112
45 0.644444430123
46 0.652173898866
47 0.659574454052
48 0.666666652778
49 0.673469374011
50 0.6799999864
51 0.666666653595
52 0.673076910133
53 0.679245270203
54 0.685185172497
55 0.690909078347
56 0.696428558992
57 0.701754373653
58 0.706896539536
59 0.711864394714
60 0.699999988333
61 0.704918021231
62 0.709677407908
63 0.714285702948
64 0.71874998877
65 0.723076911953
66 0.712121201331
67 0.716417899755
68 0.705882342561
69 0.710144917244
70 0.714285704082
71 0.718309849038
72 0.722222212191
73 0.726027387315
74 0.716216206538
75 0.7199999904
76 0.723684201004
77 0.727272717828
78 0.7307692214
79 0.734177205896
80 0.737499990781
81 0.740740731596
82 0.743902429952
83 0.746987942807
84 0.749999991071
85 0.752941167612
86 0.7558139447
87 0.758620680935
88 0.761363627712
89 0.764044935235
90 0.766666658148
91 0.769230760778
92 0.771739122046
93 0.774193540062
94 0.776595736419
95 0.768421044543
96 0.770833325304
97 0.773195868318
98 0.775510196168
99 0.777777769921
100 0.7799999922
101 0.782178210077
102 0.784313717801
103 0.776699021585
104 0.778846146357
105 0.780952373515
106 0.773584898362
107 0.766355133025
108 0.768518511403
109 0.770642194765
110 0.772727265702
111 0.774774767795
112 0.77678570735
113 0.778761055055
114 0.780701747538
115 0.782608688847
116 0.775862062277
117 0.769230762656
118 0.771186434142
119 0.773109237201
120 0.774999993542
121 0.776859497712
122 0.778688518207
123 0.780487798533
124 0.782258058208
125 0.783999993728
126 0.785714279478
127 0.787401568603
128 0.789062493835
129 0.790697668289
130 0.78461537858
131 0.786259535983
132 0.780303024392
133 0.781954881339
134 0.783582083705
135 0.785185179369
136 0.786764700097
137 0.788321162129
138 0.78985506674
139 0.791366900782
140 0.792857137194
141 0.794326235501
142 0.795774642283
143 0.797202791628
144 0.798611105565
145 0.799999994483
146 0.801369857525
147 0.802721082975
148 0.804054048621
149 0.805369122112
150 0.806666661289
151 0.807947014517
152 0.809210520992
153 0.810457511043
154 0.805194799966
155 0.8064516077
156 0.807692302515
157 0.8089171923
158 0.810126577151
159 0.811320749614
160 0.812499994922
161 0.813664591219
162 0.814814809785
163 0.81595091524
164 0.810975604811
165 0.812121207199
166 0.813253007149
167 0.814371252609
168 0.815476185622
169 0.816568042506
170 0.817647054014
171 0.818713445505
172 0.819767437094
173 0.82080924381
174 0.821839075737
175 0.822857138155
176 0.818181813533
177 0.81920903492
178 0.820224714493
179 0.821229045691
180 0.822222217654
181 0.823204415341
182 0.824175819647
183 0.825136607513
184 0.826086952032
185 0.827027022557
186 0.822580640739
187 0.823529407361
188 0.824468080721
189 0.82539682103
190 0.826315785125
191 0.827225126559
192 0.828124995687
193 0.829015539746
194 0.829896902939
195 0.830769226509
196 0.831632648818
197 0.832487305419
198 0.833333329125
199 0.83417085008
200 0.834999995825
201 0.830845767011
202 0.826732669175
203 0.82758620282
204 0.823529407728
205 0.824390239881
206 0.825242714441
207 0.82125603468
208 0.822115380663
209 0.822966503239
210 0.823809519887
211 0.824644545855
212 0.825471694219
213 0.821596240274
214 0.817757005525
215 0.818604647355
216 0.814814811043
217 0.815668199006
218 0.81192660178
219 0.812785384417
220 0.813636359938
221 0.814479634324
222 0.815315311643
223 0.816143494098
224 0.816964282067
225 0.817777774143
226 0.818584067174
227 0.814977969978
228 0.815789470106
229 0.812227070689
230 0.813043474726
231 0.81385281033
232 0.814655168902
233 0.811158794802
234 0.807692304241
235 0.808510634857
236 0.809322030469
237 0.81012657886
238 0.806722685686
239 0.807531377374
240 0.804166663316
241 0.804979249772
242 0.805785120637
243 0.806584358821
244 0.807377045871
245 0.808163262007
246 0.808943086143
247 0.809716595912
248 0.8104838677
249 0.811244976662
250 0.807999996768
251 0.808764937017
252 0.809523806311
253 0.810276676639
254 0.811023618854
255 0.811764702699
256 0.812499996826
257 0.81322956882
258 0.813953485217
259 0.814671811526
260 0.815384612249
261 0.816091950896
262 0.816793890012
263 0.817490491188
264 0.818181815083
265 0.818867921438
266 0.819548869099
267 0.820224716029
268 0.820895519325
269 0.821561335236
270 0.822222219177
271 0.822878225746
272 0.823529408737
273 0.824175821157
274 0.821167880215
275 0.82181817883
276 0.822463765136
277 0.823104690169
278 0.823741004231
279 0.824372756902
280 0.824999997054
281 0.825622772863
282 0.822695032544
283 0.823321551861
284 0.820422532322
285 0.817543856781
286 0.814685311837
287 0.815331007612
288 0.815972219389
289 0.813148786114
290 0.813793100642
291 0.814432986892
292 0.815068490359
293 0.815699655919
294 0.816326527836
295 0.816949149773
296 0.817567564806
297 0.818181815427
298 0.818791943561
299 0.819397990571
300 0.819999997267
301 0.820598003918
302 0.821192050261
303 0.821782175506
304 0.822368418347
305 0.822950816974
306 0.823529409073
307 0.824104231843
308 0.821428568762
309 0.822006469832
310 0.822580642508
311 0.823151122755
312 0.823717946078
313 0.824281147526
314 0.821656048339
315 0.822222219612
316 0.819620250571
317 0.817034697738
318 0.817610060322
319 0.818181815617
320 0.818749997441
321 0.819314639192
322 0.819875773851
323 0.820433433992
324 0.817901232044
325 0.818461535943
326 0.815950917742
327 0.816513758971
328 0.817073168241
329 0.817629176846
330 0.818181815702
331 0.815709967324
332 0.816265057782
333 0.81381381137
334 0.814371255047
335 0.811940296084
336 0.812499997582
337 0.813056377409
338 0.813609465048
339 0.814159289634
340 0.814705879957
341 0.815249264471
342 0.815789471299
343 0.816326528232
344 0.816860462742
345 0.814492751262
346 0.815028899379
347 0.815561957304
348 0.816091951678
349 0.816618908835
350 0.817142854808
351 0.817663815334
352 0.818181815857
353 0.818696881533
354 0.819209037234
355 0.81971830755
356 0.820224716797
357 0.820728289018
358 0.821229047985
359 0.818941501897
360 0.819444442168
361 0.819944596067
362 0.820441986684
363 0.820936636857
364 0.821428569172
365 0.821917805967
366 0.822404369338
367 0.822888281137
368 0.82336956298
369 0.82384823625
370 0.824324322096
371 0.824797841443
372 0.825268814986
373 0.825737263202
374 0.826203206347
375 0.826666664462
376 0.827127657375
377 0.827586204701
378 0.828042325852
379 0.82585751761
380 0.826315787299
381 0.826771651373
382 0.827225128725
383 0.827676238048
384 0.828124997843
385 0.828571426419
386 0.829015541894
387 0.826873382876
388 0.827319585497
389 0.827763494016
390 0.828205126082
391 0.828644499159
392 0.829081630538
393 0.829516537329
394 0.827411165413
395 0.82784809917
396 0.828282826191
397 0.828715363152
398 0.82914572656
399 0.829573932758
400 0.827499997931
401 0.825436406919
402 0.823383082529
403 0.823821337906
404 0.824257423702
405 0.824691355988
406 0.822660096496
407 0.823095821073
408 0.823529409746
409 0.823960878181
410 0.824390241892
411 0.822384426223
412 0.822815531983
413 0.823244550065
414 0.823671495595
415 0.824096383556
416 0.824519228787
417 0.824940045983
418 0.822966505208
419 0.823389019515
420 0.823809521848
421 0.824228026546
422 0.824644547809
423 0.825059099704
424 0.825471696166
425 0.825882350998
426 0.826291077873
427 0.826697890336
428 0.827102801806
429 0.825174823251
430 0.823255812039
431 0.82366589136
432 0.821759257357
433 0.819861429977
434 0.820276495806
435 0.820689653286
436 0.818807337572
437 0.816933636575
438 0.817351596307
439 0.815489747573
440 0.815909089055
441 0.816326528761
442 0.8167420796
443 0.817155754363
444 0.815315313479
445 0.815730335246
446 0.816143495928
447 0.816554808017
448 0.816964283891
449 0.817371935819
450 0.81777777596
451 0.818181816368
452 0.818584068985
453 0.818984545653
454 0.819383258107
455 0.817582415786
456 0.817982454347
457 0.818380742192
458 0.81659388468
459 0.816993462272
460 0.817391302571
461 0.817787416881
462 0.818181816411
463 0.818574512271
464 0.818965515476
465 0.819354836948
466 0.819742487511
467 0.820128477901
468 0.82051281876
469 0.820895520638
470 0.821276593997
471 0.821656049211
472 0.822033896563
473 0.822410146253
474 0.822784808391
475 0.823157893004
476 0.823529410035
477 0.823899369342
478 0.824267780702
479 0.822546971143
480 0.822916664952
481 0.823284821573
482 0.823651450573
483 0.824016561441
484 0.822314047888
485 0.822680410675
486 0.823045265796
487 0.823408622539
488 0.821721309792
489 0.822085887889
490 0.822448977913
491 0.822810588956
492 0.823170730034
493 0.823529410094
494 0.823886638008
495 0.824242422577
496 0.824596772531
497 0.824949696529
498 0.825301203162
499 0.825651300951
500 0.823999998352
501 0.82435129576
502 0.824701193576
503 0.825049700149
504 0.825396823759
505 0.825742572622
506 0.826086954889
507 0.826429978646
508 0.826771651916
509 0.827111982658
510 0.82745097877
511 0.827788648087
512 0.826171873386
513 0.826510719636
514 0.824902722131
515 0.825242716844
516 0.825581393749
517 0.825918760491
518 0.82625482466
519 0.826589593783
520 0.824999998413
521 0.823416505137
522 0.821839078885
523 0.822179730742
524 0.820610685457
525 0.820952379389
526 0.821292774104
527 0.819734343796
528 0.820075756023
529 0.820415877466
530 0.818867922983
531 0.819209038005
532 0.81954887064
533 0.819887428105
534 0.820224717565
535 0.82056074613
536 0.820895520857
537 0.82122904875
538 0.821561336763
539 0.821892391796
