39868: (-92488.200000877376, -1813.3999985539913, -1819.9999983787534, -1795.9999995231628, -1282.8999986934664, -1805.5999987220766, -1815.1999984931947, -1815.1999984931949, -1819.9999983787543, -1811.9999986012779)
76507: (-1798.999999505281, -1806.1999993872644, -1798.6999989849328, -1807.3999986970425, -1803.4999988347292, -1790.5999998307234, -1812.7999991226197, -1817.9999984582271, -1803.7999988186361, -1800.6999990246691)
116399: (-947.70001274108768, -14401.500010642409, -1453.6000138338395, -1471.0000126779066, -2052.0000210881212, -2093.6000130391108, -2090.4000139617906, -1459.0000133534263, -2067.6000153040868, -2092.000013140836)
213021: (-207485.0, -207485.0, -207485.0, -207485.0, -207485.0, -207485.0, -207485.0, -207485.0, -207485.0, -207485.0)
252399: (-2932.0999995112425, -2043.2000213615079, -2079.0000146210182, -3649.9000125622738, -3861.9000054494527, -1472.2000130267922, -3001.7000107343988, -2094.0000136017784, -3616.3000167965874, -2095.5000135928376)
286347: (-1440.1000157064186, -1469.600013198057, -2341.600003681182, -1428.0000164786959, -3050.2000049775838, -2074.2000147354593, -2815.3000158182754, -2057.6000144696227, -2076.6000146782385, -2354.3000022210681)
322541: (-1490.4000122332557, -2082.0000145316103, -939.3000129771217, -1476.1000129248687, -3631.9000150656684, -2059.8000155079349, -2093.1000130142752, -2825.7000127530087, -2777.1000197470166, -2082.6000143206097)
357170: (-1439.0000158925839, -1481.0000124673036, -2819.7000155226369, -1472.0000124295543, -2825.100014692543, -2799.9000158655626, -1453.0000138660255, -2784.2000184879676, -1462.6000134464093, -2086.6000140424553)
394367: (-3649.9000125622742, -938.70001300930858, -2039.600021483101, -2066.0000151912359, -3842.3000080545721, -2078.0000146905572, -3643.9000129199007, -1472.2000124704825, -2084.6000143007423, -2075.0000146011494)
429450: (-1473.200012897649, -3647.500012619495, -1449.6000150458005, -1447.2000140500056, -3023.7000079528484, -2076.6000184651193, -1430.1000163422016, -1452.4000138624497, -1469.6000131980568, -3635.5000147175774)
466367: (-2091.0000140845764, -2824.1000147620821, -3090.100001251697, -2765.1000211775277, -1456.2000136625754, -1438.0000137567506, -2777.70001971483, -2092.5000138610585, -3629.700014269748, -2824.3000141592815)
502988: (-1448.2000152719006, -2074.6000147577115, -3649.9000125622738, -2082.6000143206106, -2084.6000141219283, -1456.0000148892386, -3658.3000120103343, -3852.000006703734, -2088.0000140190105, -2062.700015415945)
540098: (-2086.8000128753965, -3634.3000141143771, -1449.600015105405, -2825.7000139927832, -2093.6000139133125, -3818.9000105655164, -2117.7000119290738, -2075.2000148447341, -3819.9000095423066, -2825.7000139927841)
577229: (-3013.2000093684574, -1468.6000132675952, -1446.600015314021, -1442.8000154185277, -3625.9000154232967, -3033.1000065982334, -2083.6000144298855, -2082.6000144994241, -2090.0000128626807, -2787.3000183415397)
614835: (-1426.6000148769206, -2038.2000216495971, -3659.5000115068747, -2787.900018587507, -2088.0000141739829, -1461.0000145355841, -1474.6000124927348, -3652.3000125050548, -2822.8000128926828, -2829.8000128231433)
650169: (-1482.0000123659754, -3640.3000139355636, -2811.9000154483297, -2085.6000142312032, -2094.0000138163555, -2108.8000120965626, -1472.0000131408358, -2115.6000115489951, -1458.7000144225342, -2073.0000183165052)
685363: (-929.70001327752948, -2063.0000154952195, -1483.0000125189611, -2082.8000141469624, -931.80001375694928, -925.80001393576345, -2751.900021528003, -3613.9000168538078, -3014.7000093237548, -2785.7000184432636)
720750: (-2834.10001233816, -2081.7000143331275, -2083.6000143106758, -1465.6000133570024, -2084.4000142598138, -1461.6000135159481, -1467.0000133693209, -2079.5000145862482, -3875.9000011976568, -1468.6000132675954)
756927: (-1429.6000163769704, -2075.0000149587777, -2823.7000142312036, -3072.90000267903, -2070.6000150358664, -2373.6000011877222, -1457.6000136748939, -3624.7000154519055, -1438.6000137245646, -2086.5000142186864)
791157: (-942.30001332481561, -2362.6000019824514, -2830.5000125312786, -2082.0000145316112, -1444.2000152520325, -3050.1000050346051, -1445.6000155027691, -1473.6000130391108, -2358.0000021735827, -2082.6000144100176)
828309: (-2086.5000142186868, -1460.6000135258821, -3833.9000093237555, -2374.6000010406974, -2777.1000197470175, -2816.1000134587271, -3869.5000037185341, -1453.6000138338391, -14386.800012682676, -1433.2000138711917)
864971: (-2814.7000167167166, -1471.6000127410875, -1460.0000136176732, -2079.6000145888315, -1484.0000123778964, -2108.5000128199654, -2814.3000153911089, -2091.8000126469124, -3816.8000106424074, -2093.0000137070797)
900273: (-3649.9000125622738, -2089.2000139307961, -2076.0000148892382, -1450.0000152468665, -1450.3000139035767, -1467.2000132552769, -2082.6000143206102, -2057.6000158206612, -2850.600011437135, -1477.6000134682645)
938421: (-2783.7000189797059, -2800.7000169233465, -2070.0000150680526, -2107.0000121573594, -3854.300003683566, -3665.5000112883245, -2088.0000141739824, -2355.6000022606054, -2076.20001471559, -2103.6000129000336)
973787: (-906.30001475532697, -3027.1000078260886, -3809.5000108710919, -2089.2000139307966, -942.30001279830799, -933.30001315593563, -2815.8000144523376, -2086.6000142212697, -2827.2000125771747, -14433.600003830194)
1009027: (-3625.9000154232967, -2108.6000128702312, -2079.6000145888311, -3621.1000155377369, -2095.5000135928376, -2080.8000143456443, -1450.0000152468663, -2785.8000183862428, -2081.7000143331275, -1479.0000128924833)
1047407: (-1470.6000131285175, -2073.0000149786456, -3681.3000094473346, -2094.6000136053549, -1452.0000152866032, -2777.70001971483, -3655.9000126616133, -2073.0000147998317, -2777.1000199258306, -3056.3000047417472)
1083299: (-2787.9000174152829, -2093.2000126592302, -2094.6000136053553, -3645.5000128579127, -2095.2000133148813, -1448.0000153263395, -2089.1000141070276, -2067.2000151626253, -2088.0000139474855, -2779.4000186024091)
1120784: (-3635.5000140500056, -2790.7000182147799, -1443.8000142125279, -2077.6000147875134, -1456.6000146782383, -2081.2000131360674, -2793.9000170576551, -2793.7000172352773, -3637.9000139927839, -2790.7000172611051)
1156778: (-1441.6000156617149, -2068.2000150930867, -1469.600013198057, -1467.6000131583198, -2090.1000139182788, -2094.0000138163559, -2795.600017983712, -1463.2000134142227, -2122.0000121792145, -2089.6000140722576)
1193945: (-2095.2000133943543, -2808.6000156491982, -2811.3000135731681, -1451.8000149714933, -2362.0000020146372, -3658.3000132719644, -2810.1000138163558, -2785.200018418429, -2790.3000182521323, -2095.2000135731682)
1229466: (-1465.6000133570024, -3639.7000139319875, -2079.6000147676455, -1467.2000132552771, -3033.3000066987661, -1456.0000137766185, -2065.2000153613071, -1465.7000132999801, -2844.6000106026718, -1441.6000156617149)
1266000: (-1471.0000131209677, -2088.6000139629823, -3063.7000035023689, -2795.5000180645766, -2069.4000150644761, -2076.6000146782385, -2079.0000146210177, -2792.1000182270977, -2106.0000130534158, -2088.6000139629823)
1303030: (-2086.1000140772248, -2067.6000153040868, -1461.6000135159484, -2076.6000146782385, -3811.9000108138689, -2816.70001533389, -1489.0000121494129, -3603.3000174025674, -3612.300016955533, -2087.2000141294784)
1336286: (-2094.000013816355, -2079.2000144473695, -2073.6000149464589, -1461.6000145689627, -1461.5000144710127, -1462.8000133323653, -1455.2000137321143, -2088.0000141739833, -1473.600013039111, -1465.0000142633903)
1374822: (-3071.7000022308034, -2089.2000139307961, -2044.2000212919688, -3644.4000127659219, -2811.7000135954204, -2095.2000135731682, -3609.900017012752, -2059.8000204431983, -3812.900010744333, -2055.0000209987138)
1409689: (-2060.100019759534, -2807.7000164961801, -2103.2000130168581, -2823.6000140696756, -1441.2000143480286, -2098.6000128106261, -1476.00001298189, -3635.5000140500056, -1465.6000142312032, -1464.7000127536046)
1443802: (-3620.5000155699227, -2078.6000146583706, -2076.3000144797547, -2088.0000141739829, -3021.7000081515307, -927.50001307765501, -2078.2000147553267, -1474.6000129695726, -2801.7000168538079, -1468.0000132997816)
1480092: (-3634.6000140625229, -2355.1000027424097, -1453.6000138338393, -2103.6000129596382, -2098.600013247727, -1465.6000141835198, -1460.7000134688601, -2055.6000206327421, -3634.9000140821918, -3820.3000103990216)
1518393: (-2093.6000136748935, -3636.1000140535812, -1460.2000142387528, -1454.0000149687114, -3024.8000078858918, -2801.7000168538066, -3651.4000125175712, -2844.1000134110436, -2098.0000131011002, -2071.6000150259315)
1556304: (-1455.2000148447339, -3649.9000132298452, -3639.1000146317469, -1475.200012937386, -2787.3000183415388, -14453.700002422134, -3837.500007851123, -2070.2000150732183, -1432.0000163197501, -2806.500015809534)
1589158: (-1472.000013140836, -1433.2000160765638, -2085.6000142312032, -2083.2000143122659, -2071.2000150036793, -2088.6000138239051, -2078.6000144795557, -2787.7000184830003, -2080.8000143456443, -1442.8000154185277)
1626894: (-2783.3000185004848, -927.30001333474979, -2047.2000212025619, -3046.0000051552051, -3839.6000077742328, -2067.6000153040868, -2090.5000140597408, -2813.1000133335579, -2109.6000125424061, -2808.3000135433667)
1660936: (-2359.100002106627, -2070.0000152468665, -2045.6000213042867, -2080.2000143778309, -2098.2000124307465, -1452.0000139355641, -2073.0000151574595, -1445.6000141517302, -2797.7000176803249, -1457.6000147875136)
1696198: (-2112.8000132330249, -2104.8000129151328, -2838.5000128491702, -2067.0000151216973, -3638.300014015037, -948.30001270890079, -1468.6000140941128, -1468.000013299782, -1465.6000133570024, -2059.7000155649571)
1730297: (-2087.2000128380446, -2103.6000129000331, -2060.0000197271484, -2078.4000146174417, -2789.700018284319, -1462.6000134464093, -2050.2000202190861, -1446.6000153140208, -1451.1000150010968, -1456.0000144958481)
1766167: (-2807.3000155798582, -1459.6000135954203, -2817.7000152643514, -3626.3000155647578, -3824.600009997484, -1465.2000129771218, -2079.4000145479035, -1468.2000131857383, -2065.2000153613076, -2789.7000182843185)
1801652: (-2789.700018284319, -2087.0000140170241, -1445.2000153613078, -2046.6000212347485, -1471.2000130963308, -1446.1000153487905, -2082.6000144994246, -1463.2000134142227, -2789.4000178593378, -3037.7000068799643)
1836279: (-1463.0000135282664, -1450.0000152468667, -3664.3000117421134, -2090.4000139021859, -1443.2000142089507, -2815.2000153785921, -2100.6000130689131, -2052.0000210881208, -2073.6000149464589, -3042.1000069737415)
1871003: (-1446.6000140821925, -1474.2000130069243, -2093.1000138288719, -1459.2000144473695, -2823.3000145069755, -3051.7000049328799, -2813.7000154232956, -2104.5000131458023, -2837.7000120854368, -2085.6000142312037)
1910477: (-2813.7000158802653, -3631.9000142312029, -2066.1000153487903, -2801.7000168538079, -2082.2000146559858, -2062.0000198960274, -1445.6000141517311, -3635.5000140500047, -2831.7000140921264, -3837.5000081690146)
1946397: (-1467.2000132552771, -2087.2000141294779, -1464.0000134587276, -1445.2000153613078, -3825.5000092816344, -3066.700003412961, -2076.6000148570524, -2086.200014199017, -2058.3000197845677, -2083.6000146086999)
1985547: (-2072.00001498858, -200395.90001153888, -2819.7000143504119, -2078.7000144225349, -1459.6000134762112, -2083.7000130218257, -2061.6000197148301, -2083.200014288424, -2085.0000142633899, -2113.6000114814433)
2000734: (-1459.6000145888311, -1460.6000143941233, -2105.6000129596382, -2107.5000128298984, -2810.700015512703, -3638.9000134066719, -2087.6000140563624, -1487.5000121941159, -3815.9000106549256, -1475.6000128404289)
