10715: (-175.9999990463258, 4132.1994836780004, 2097.3998638117387, 4442.4994309038566, 4577.7994215238741, 4348.6994654995815, 4578.6994215113573, 4342.5994326945784, 2759.1997836899891, 4701.5994187808683)
24026: (9656.9990857224566, 8704.999285584754, 10600.399113955578, 9382.3992499058131, 11030.598847396896, 10557.999114799581, 9073.5992508030649, 9635.9991755367082, 9899.799150585015, 10211.199130148969)
37349: (10313.999152211425, 9249.9991882324975, 8787.9990902226127, 10020.599159470872, 10607.199120119494, 10287.999124284666, 9543.7992336460666, 9381.5991928991425, 10512.598981074201, 9356.3992437943543)
51103: (10225.999138601699, 10802.399107498408, 11618.998793421319, 8831.3992524270907, 9188.199249789388, 11867.59881578061, 9613.5991684294513, 8799.5992350992274, 11218.998837111521, 10503.399078461018)
64227: (8910.4992559483344, 9508.3991794809463, 11422.098862952707, 10155.599139274835, 10278.199145143506, 8705.5992980218598, 10759.999116714876, 8269.1992229176358, 8627.5992720541053, 8195.7992811390432)
79531: (10287.498876773443, 9303.1992424282143, 8854.5992086844381, 10248.999144452888, 11629.998808431754, 12076.198793198, 10017.599153011717, 10160.998987005265, 12140.598778636982, 10111.99914525755)
94670: (9395.1992365273545, 8507.3993056142972, 11527.998797623448, 9601.599095544907, 10321.999123839616, 10890.69890744519, 10434.998928982137, 10523.199116165719, 9736.799152438718, 9315.999114084334)
108448: (11247.19883727563, 8770.999298340148, 10230.399131797234, 10081.599144726673, 9849.9991626621068, 9959.9991600395024, 10263.599146626075, 10054.999146984099, 11923.398813001837, 8332.799309234686)
123454: (8134.5992940422566, 11616.998832939194, 11134.598922482843, 10525.999123549542, 9510.999151108741, 9341.3992049221924, 12200.998781687151, 9564.199189608571, 9888.9991547048867, 9623.1990221890846)
138137: (10704.998849886782, 10368.799141332389, 7830.9993209422273, 9166.1991896681757, 12292.398770823607, 10562.999123412452, 10106.299156172949, 11698.798815775837, 9576.9989909510969, 9063.6992521686043)
151343: (9792.5991664406447, 9323.5992448823363, 9456.5991789417221, 9205.1992436799119, 9975.1991398585633, 10168.399134449641, 11651.598811946042, 12461.59876780682, 8942.3992772325564, 11854.998786089947)
165886: (10817.399102831367, 11879.198783770533, 11856.998817859219, 11205.798815050652, 10044.599131933532, 9208.9992505690152, 10068.79914846905, 10572.498861196764, 10489.39902035842, 10571.999124952237)
179180: (9968.7991598137996, 10531.498948843393, 9590.9991725465443, 12059.598786761095, 7968.5993201053798, 10408.999118822894, 9291.79924871412, 11770.598842155656, 9285.7992599197914, 10635.999114720107)
192810: (9664.9991637846597, 10671.599109480463, 9855.1990672899246, 9915.7991459080367, 10465.799130398911, 8445.999305117195, 9536.4991016915337, 8447.7992923546517, 8996.9992561798008, 11855.598814409701)
206704: (10296.799128342551, 12072.598782312602, 11790.998791295418, 7860.7993306804365, 10452.599127681731, 8538.1992854329619, 9781.9991856694996, 10431.998981682564, 10396.399119319994, 12110.198776528567)
221003: (9729.7991581071201, 12096.798796026836, 11199.198988095224, 7702.3993368173287, 9042.9991990904746, 10768.599109132769, 9625.79923158772, 9491.7991768110533, 9334.8991854582982, 11096.598880064208)
234578: (11572.39883725099, 10161.999130018632, 10476.999119617622, 12285.398768389752, 8597.9993093193225, 7360.3993035976791, 9634.3992332761209, 10465.099114633284, 10627.399113766831, 10487.999117489735)
248831: (10132.399149094503, 10204.79912801671, 10751.398951105784, 8684.7992668041261, 11571.598849854588, 10263.999125536362, 8438.7992592899718, 8254.1993136855617, 11704.598803094756, 11302.598917356841)
262095: (8656.3993024453193, 10281.199135171652, 10861.198898191567, 11441.398818954356, 8851.9992604017953, 10159.499144934693, 8918.7992572475159, 10086.399157447097, 10262.999121306422, 10029.599171926257)
275822: (10511.59911853242, 9046.1992881946444, 9874.5991653319961, 1583.3988246366662, 11594.998825945584, 8628.9992991269282, 9999.5991507983999, 9002.1992638759493, 10096.39913862395, 9465.9990123988282)
289385: (9730.1991662435503, 10137.999001491173, 8783.9992214720187, 9915.7991481610916, 10129.199134027242, 9802.5991469737673, 9552.5991598881064, 10466.69898354044, 10019.799168303487, 9267.7991128155481)
303306: (7750.5992784218706, 8504.3991576259214, 8991.9992600362184, 10654.399033588665, 9063.5992059326927, 9284.3992504303351, 8861.5992716964756, 10340.599116893292, 11090.798906474234, 11894.398817621201)
316296: (9393.5992016888395, 10261.599124401489, 10201.498944543913, 10165.399168523625, 9169.7992517340881, 9666.9991609037697, 10151.199148093936, 10184.59915527868, 10776.999106830439, 10589.799110928059)
330419: (8529.9992916664141, 12004.598778875399, 9854.9991516253122, 10526.799123355631, 9417.5991215325248, 8750.5992752429538, 10721.999117382449, 10239.799119423707, 12221.998775351178, 12442.798764416508)
343624: (8986.7992542394677, 10213.998870360976, 9492.5992354071859, 9174.5992139455429, 9616.1992327623284, 10360.998954850544, 10322.99914099582, 10504.399127001048, 8848.1992774459413, 10002.199094757723)
358172: (12331.998786060143, 10600.998921889186, 12069.198777412705, 7673.5993841108193, 10386.999129392781, 11798.998822051413, 11376.598818134989, 8377.5992910282475, 10342.399135087409, 9044.7992688704217)
371880: (12090.798789923319, 11472.998828747002, 9404.5991738554603, 9044.7992654530881, 9867.7989340413824, 9347.7991913267724, 9667.5991819517567, 7604.9993544797744, 9475.5992364741087, 10104.999151486236)
385778: (12226.598793875903, 9671.3991907362888, 8902.9992744307401, 8694.99920197137, 10635.199117298207, 9118.9992626091516, 10072.099150008637, 10864.498920731852, 11543.098805940877, 12226.798782119085)
400340: (10123.199140504279, 8485.9992546519352, 11777.598815780608, 12552.99875779761, 10041.999036647972, 11545.898856518192, 9762.499157878834, 9281.3992487912074, 1363.4987950554805, 10359.599024853806)
413377: (9393.9992425720575, 8927.3992591306269, 10282.79912033566, 7719.9993141771001, 11048.998913385583, 9343.3992304846361, 10028.599149119535, 10101.999131310067, 10350.599146357852, 6576.59941738015)
426283: (9534.6991730235768, 8238.7992918778164, 11184.998933134582, 10311.599122931242, 9200.5990975814002, 10109.199164485213, 9498.3992328191507, 10355.999148643094, 10181.599144082942, 9453.399206471915)
440334: (9732.5989823815326, 9501.2992398081915, 8946.1992673528875, 11119.19892006647, 11860.998815693585, 10348.599122734546, 8594.3992313369854, 8942.5991684314431, 10061.699140843033, 11586.998864311101)
453618: (9823.9991567016405, 10390.399126532158, 10478.399137352388, 10042.599174709792, 10445.599131148734, 10354.098976082312, 11043.398843869098, 10224.799054110939, 9183.5992498255473, 12175.998786795271)
467436: (8964.5992888129422, 10747.998927501949, 9317.9992547512738, 9287.2992185094681, 8842.9992529134615, 8390.599308303661, 8553.399290772737, 10350.598903627913, 11931.598790011534, 11945.79879748715)
480992: (9201.5990830378705, 7850.7991631516716, 9778.3991764013717, 9545.1991684191198, 9190.3992490594283, 8244.2992599605204, 8242.3992581709936, 9533.599193950171, 11469.798855959298, 9664.1992297582547)
493659: (9265.3992407167661, 9517.5991662836841, 9774.5991783456775, 10414.599117886703, 9358.5991907831794, 10661.999112653812, 10133.199148809194, 11662.798845141053, 10460.999115147275, 9528.9992375831516)
524222: (-201988.40010668675, -203598, -203598, -203598, -203598, -203598, -203598, -203598, -203598, -203598)
538162: (-63106.800122019442, 9887.9991691470877, 8933.2992618619046, 9572.1992314867875, 9806.999167917249, 10711.999107456289, 11864.398782446513, 8356.3992887759869, 11675.998807358868, 9821.399160051822)
551866: (11347.798819421658, 7427.9992892722994, 11824.99880082024, 10061.999155072448, 11559.598836483285, 11392.598823598748, 9940.3991598511511, 10381.599150321561, 8830.9992694835564, 9497.1992447408738)
565307: (9430.9992485305393, 10170.299151623129, 9475.599175762809, 10431.499019466935, 8882.3992293302927, 10194.399154605942, 12221.598782680165, 9098.5991243041462, 10994.398989878595, 10435.199115768355)
577715: (9682.3991782809044, 9825.5991616067058, 9377.5992420213115, 9749.6991679273797, 11285.998835973069, 9558.3991859381185, 9272.699243039162, 10091.199155643857, 11997.998778212199, 10104.599157384713)
593077: (11958.398807885773, 10547.598895909114, 10232.099124915085, 10189.399140839259, 10374.398933603878, 9989.7990315545612, 11070.998908140378, 10305.599120658318, 10996.798931408834, 9207.9990721226732)
607041: (9535.9991790037111, 10678.998882649466, 8832.79926189668, 11294.398892603836, 12475.198762928774, 11518.598809551921, 12309.59876652731, 10391.999127801339, 9662.5991638617488, 9495.1991882873317)
619984: (11237.398934078721, 10370.7991264352, 9720.9992259721657, 9271.5992450134654, 9888.5991611199352, 8680.7992668041297, 10244.39912216115, 10529.599122017304, 9991.4991421213545, 11332.798837432192)
632924: (10669.399116925875, 12024.398801063029, 9443.9992349426648, 9692.5992339568038, 10676.399113856238, 11896.598785054419, 10494.599112780572, 10706.598976345564, 9041.5992605504089, 7724.3993206962614)
646000: (9131.3992639228381, 11835.598819635043, 10185.999128945747, 8835.7992682465592, 9189.7992503234454, 9497.9991779804986, 10572.199116255124, 8173.7993127096361, 10960.998954655832, 10103.799023607273)
659040: (9644.9992384851685, 10040.199175541875, 12159.198776081535, 10626.099125511128, 10477.799122292678, 8590.1992357028284, 8772.9992839674815, 8427.799289185672, 9891.5991851704075, 11347.598881135105)
673833: (9050.1992540610518, 9808.7991074610618, 11286.598975928329, 9278.5992501732417, 9296.5990567522294, 9158.99911866396, 11220.998831369607, 9809.9990877867676, 11746.598827910153, 9875.9991601070524)
687248: (8649.9992446979595, 10811.199105424963, 10180.599148920852, 12094.598803154357, 8677.3992698316451, 9720.5992293751951, 9669.9991609415174, 10043.999141184568, 9218.3992075348633, 6510.5993420895629)
700151: (11758.99880750788, 10269.599150043407, 10619.999110945144, 10565.998966761539, 8903.1992647600855, 9579.5992337561383, 8615.9991449595382, 10531.999136694352, 7396.2992932238876, 7674.1993540180356)
713354: (11050.998875775062, 10202.199138130027, 8580.599298504656, 9655.7991669365547, 10173.099143978634, 9012.3991432532548, 9894.3991765603168, 9366.7992386707374, 9080.9990769009764, 10920.598880640389)
727225: (10447.599138341029, 9299.7992510386994, 10699.999119269929, 9602.0990375943056, 8954.4992611935413, 11628.398797745038, 8496.9992559731709, 10790.599059593369, 7875.9992746095586, 10811.79892626893)
740566: (9408.6991984946271, 10473.999158179837, 9338.999241079955, 11425.098867631676, 12003.99877711945, 9598.9991545856774, 8816.999265239705, 10892.999104962828, 9391.9991921266665, 10418.199122072539)
755191: (7544.7993084181035, 8268.8992811833505, 9741.5991512553683, 8785.9992132068437, 10546.798964509278, 11788.598827870414, 9385.7991733698818, 11470.598831446696, 10386.798987715349, 10700.998876629395)
768968: (9340.9991250019175, 8632.4991606286021, 9381.2992423314572, 10435.699124233208, 10775.698927879648, 10597.199117586295, 7347.9993483802291, 9887.5992205358252, 10947.998841154704, 11910.798788051734)
781370: (9154.7992518433621, 8717.599298021858, 12194.798780044845, 12037.998794829973, 10181.599145501534, 9231.5992546376292, 11096.798885493396, 8870.4992553721549, 9416.5992407914691, 8943.5992892957402)
794480: (8486.2992698151575, 9172.3990637009319, 9967.5991466260748, 10399.599117725769, 10031.899131649217, 9611.9991832654432, 9257.5992470797592, 9565.9992305319229, 9998.5991673784229, 7732.4993428916368)
808070: (11599.39889454098, 11684.598800650963, 10227.099139786442, 7547.8992813164723, 11243.398908587807, 8585.4992701640404, 8090.9993263066453, 11821.998791782193, 8450.699240654978, 10097.999138716936)
821250: (11395.598907015436, 10429.799125332514, 9177.9992494345406, 10303.999127046347, 11941.998796073723, 10706.69884205493, 10860.199105740867, 9646.5992311156497, 9460.5991698619491, 10646.799113361916)
834791: (8769.1992734126889, 10589.799111643315, 11698.998857337356, 11169.598854106393, 9529.3991833016044, 10014.399132909855, 9949.4989512395005, 9303.9992408713406, 10013.999152954499, 9230.3992468937904)
847382: (8439.7992866425393, 11269.398845665182, 10000.599147788364, 9327.9991999150079, 10214.799134163934, 8105.3992801551713, 9138.9992585163018, 8830.5992695407767, 9174.4990920554537, 9754.7991741308379)
860733: (9061.9992524545069, 6731.9995405694153, 9968.9991473735154, 10391.599129161914, 11959.198789850203, 9449.9989913782592, 9441.3992444599371, 10192.399028661352, 8992.5991944587968, 9260.1991738928136)
874004: (8268.7993038682798, 9881.5991544541484, 8596.9993018091373, 10045.099131163635, 10325.599138698659, 11954.598800472153, 8751.1992841713309, 11743.398793880669, 9030.9992118458686, 9641.3991878871875)
888380: (12328.798765568863, 9511.3990515992045, 10219.399126633485, 10135.998980558026, 9928.2991420863855, 8829.3992643599395, 11593.598852199038, 9785.9991526485264, 11189.59883868866, 8603.7992901592133)
902053: (9722.1991515808077, 10016.599146397588, 9348.3991779113585, 9503.5992313242659, 11045.798835904327, 8534.9993045986357, 11429.998847850284, 12002.998793212701, 11798.398825282384, 9412.9991790831846)
915539: (11266.798808039157, 9323.899186084147, 9324.5992477652126, 9083.9992532214219, 9426.1990785055332, 11499.998860605676, 9055.0992546644502, 9571.9992341757534, 10244.999124008496, 10750.999107458274)
929200: (12056.598802121211, 9377.999241964093, 11203.098829127082, 9850.3991637969775, 9200.4992502262903, 10355.899126936476, 10628.59892085365, 10256.099129683453, 11209.79888810209, 7936.7992612608996)
942205: (11209.198944067266, 8807.5992675320995, 10279.399134600639, 9707.2991804022349, 10409.599122116646, 8855.3992912018966, 9830.5991583185187, 9420.9992384176167, 11531.998811829215, 9109.9992516120965)
954468: (8711.5992728090969, 10006.899137933531, 10115.199139240662, 9886.3991504058013, 10725.799107868355, 8774.499272146888, 8582.5992693420958, 9126.3992556675948, 10237.199142665942, 8744.9992711306313)
968486: (10314.999137320199, 10026.999149229207, 9700.7991612045753, 9673.9992292206225, 10926.999039270571, 12359.198794539103, 9869.9991743843511, 10441.598893266642, 10274.599128019488, 7584.399233826477)
981418: (9019.7992560256225, 12389.398769033482, 9913.5991388456805, 8831.9992645065686, 11595.398834856875, 9150.7992157030803, 10089.499152782637, 8290.5993130601128, 9238.3991087819068, 9726.5991880016263)
995508: (12025.798824110552, 10157.999139138139, 9016.999062436922, 7780.7993118851027, 9221.3992475395098, 8966.7992265511293, 9864.7991781640794, 10107.999136366525, 10163.599141130526, 10407.599125037274)
1008894: (10446.299115701397, 8969.7992537010414, 12027.39880146834, 9116.5992097374528, 9518.9991690100014, 11418.598825903462, 9834.9991679848008, 8016.8992301597964, 9336.4991988768907, 10673.198959127374)
1023262: (8643.1992786678366, 9101.5992629147258, 10387.399125679811, 10078.599135609149, 10483.798975188443, 9782.099153286892, 11284.998899577176, 11151.19885636501, 9416.1991806877395, 86.498887869838654)
1037015: (10197.798999427661, 9060.1992622467551, 9411.1991698257898, 11772.79880818618, 8939.3992690687046, 10086.399152023074, 9417.9991982063402, 8313.1991562796502, 9768.8991481457924, 11779.598820548978)
1048747: (10475.399118237177, 7622.5993547356757, 9061.9992198626896, 10337.799124807994, 8808.7992246437825, 8125.7993165243315, 10093.799140094596, 8927.1992647402185, 8250.7993161249815, 9061.9992521366203)
1062048: (9505.5992408610091, 11160.598937046239, 10076.999150353748, 9776.7990780223372, 8610.0992766764448, 10497.599116533678, 10500.599138788066, 12583.79875798914, 11893.598801604636, 8887.7992590853264)
1075925: (8478.7992812244775, 10062.998964009792, 8332.5992716666751, 8821.999149211335, 8826.9992639403226, 10021.999140556733, 9294.5992431955256, 10175.799138755479, 10107.599149475176, 11533.598845980292)
1089529: (9347.9992438515728, 9158.3991214180896, 9554.8991918042066, 10203.799150068442, 10406.599124721368, 9908.3991571609949, 10283.399139229932, 11946.798801132965, 7769.5992769019522, 9690.4991626074698)
1102796: (11559.198813215227, 9100.3992078726224, 9722.1991730543759, 10082.999163526372, 11041.59885386797, 10031.799129107476, 8087.3993291700517, 8705.5992608086981, 11862.398812177307, 8925.9992690365216)
1116798: (9919.1991426500481, 10228.199123030186, 12032.998807058859, 12326.998767473429, 9702.8990470463996, 11127.798861792608, 9968.7991639463889, 11408.39885065409, 8323.7993084181016, 12620.198759521376)
1131194: (10489.198916072963, 8666.1992756379332, 10164.599147450605, 9780.3990865175838, 12160.398782168359, 11653.998824433613, 8648.3992260440918, 11821.798793227405, 10569.998941000416, 10378.999142811774)
1144088: (9038.3992000365997, 10157.59914575187, 9702.1991548590649, 9888.1991614036524, 9459.5992088135827, 7909.7993784038745, 10203.199146413088, 8955.5992588894278, 11596.098816739248, 9896.9991559247956)
1157571: (10154.399158611375, 11870.99879254712, 8363.3993102634595, 10182.99894026728, 11670.798821358807, 8987.1992535544141, 12098.998788851626, 8992.1992491655237, 10404.599112860047, 8799.3992966736023)
1171573: (9909.3991799677169, 10223.099163509089, 10175.599137486695, 12516.398762586248, 10221.598999223814, 10184.799130587659, 10214.799140060823, 11679.998815683652, 9350.5992398775343, 11832.198837869684)
1185434: (10419.799129067738, 9264.799206980937, 11367.898864636341, 9851.5991438246547, 10347.598955970714, 9362.5992381092619, 11944.998787798617, 9148.599248933464, 11480.39882982028, 10207.199131802003)
1199854: (8728.5992670334072, 10074.999142148175, 9917.5990482188226, 11501.398818040421, 9927.7991483399055, 11453.798864105263, 10396.99912007459, 8985.4991968384129, 11673.298829986579, 10957.19887031647)
1213204: (11686.798813630072, 8695.9992652099027, 11311.798844169503, 10286.999122041543, 9772.7991690723884, 10446.798924272178, 11669.398824863165, 8076.5993204232718, 8006.1993192685304, 9130.1992490145276)
1226911: (10284.199130282082, 10662.998969155651, 7846.9992711028181, 8032.9993101935252, 9320.7992516446793, 8823.3992491607587, 11749.79882194492, 11089.198842481104, 11200.198834504015, 9142.1992535842146)
1240507: (10198.899136165261, 11746.598793478541, 11901.198823228802, 10815.79912626632, 10325.999130980252, 10824.999105320456, 9176.2991806227728, 8086.1993169439502, 9065.1990995757751, 10131.999135174434)
1254886: (9204.1992033533988, 7895.9993254304582, 10415.599125037274, 10652.19912509648, 11015.598862570252, 10317.498991313681, 1181.998851585513, 9981.9991536498837, 9319.5992478347544, 10187.998987253613)
1268422: (7298.999309657087, 9067.1992533755983, 9998.7991440384376, 9789.5991404947436, 12018.998792845139, 10712.799107699473, 7638.4993186226138, 9255.4992495487841, 11634.398794570101, 9884.9991474510025)
1282260: (11577.598826608784, 7494.5992922700143, 9042.7992618927037, 8613.3992795988615, 10752.198893671555, 10636.999108590762, 11670.098803507019, 9358.3992539271403, 10140.799149442591, 11592.998802520962)
1296610: (7998.7993221768411, 8356.7993095803904, 11725.998800027501, 11931.198810115784, 10188.9991268576, 8026.9993022144517, 10825.598954480594, -1374.2008917024796, 11472.798813947966, 9656.1991698993006)
1310533: (9970.4991550178092, 10843.599099359595, 8716.0992180771354, 9444.5990864154646, 10619.799125411988, 10099.599153754785, 9618.5991813457767, 9712.998995500915, 11567.198812768187, 9931.5991460578425)
1324248: (11180.198833407292, 10904.799105215949, 9639.3992385709989, 12427.998779253294, 9940.1991136722627, 11212.398885133387, 9322.0991901424295, 10937.198892986096, 8852.7992616979973, 8140.4992485970979)
1337598: (8163.599252404445, 9772.7991793641195, 10075.599135718427, 8170.1993020586833, 12091.598798117764, 10199.199117727358, 8891.9992034714178, 10224.999142783958, 11574.498797548938, 9774.199162836152)
1349731: (10378.799132495005, 9977.7991536049813, 10733.399103487018, 8708.9992758691969, 10175.599128565867, 9480.799150475741, 10825.999105382049, 9923.3991631989447, 10493.999126172146, 9205.5992499209169)
1362111: (12126.198779389593, 10616.799117891869, 9793.5991618928092, 10082.999138297715, 9154.5992570118779, 10634.39911951073, 9944.5991415894805, 9756.5991581397029, 9021.5992562787433, 7856.3993276779502)
1375038: (8895.3992613201044, 10171.999163663464, 10069.39914872694, 9460.3992371385011, 8848.5992742694107, 8844.5991233902059, 10339.39913969485, 9439.9992373745354, 12631.598762176163, 10989.598872583829)
1388058: (9727.7991802085198, 10083.199150557597, 8990.5992575205073, 9019.599263391563, 9666.3991414849752, 8167.3992523873585, 10378.999127314568, 11849.598799806563, 9658.9991659701645, 7936.5993389404457)
1402509: (10992.399099710072, 11018.798841962147, 11342.998862840856, 11951.598791163891, 10414.599118601958, 11438.398820482224, 9118.5992498712458, 9884.9991465589192, 10355.999116826137, 10355.299141162513)
1416079: (9411.9991790136446, 8981.9992600362184, 10396.199124500436, 8735.5992937660867, 10139.699139376758, 11497.198818122675, 11416.398815614511, 10320.999128399371, 9227.2991850315284, 10163.999148305335)
1428585: (9329.9992474397732, 10531.599119029126, 9320.5992413279128, 10597.998883255445, 10377.499134086649, 10579.89901854346, 10444.59912283389, 9989.199160134076, 9369.9992418051497, 9759.1991622718942)
1441766: (10431.999147145032, 10001.599138360896, 10402.999160148778, 10524.99912543901, 9588.9991005242755, 11781.698799848882, 9982.5991475181581, 9866.3991576457793, 9142.7992440669441, 10152.199138706206)
1454673: (8686.3992785637274, 10054.999134002208, 9745.1991772803431, 7921.9991676291729, 10526.998916326083, 9979.7991372931792, 11717.99880199445, 8472.6993039352383, 8875.1992605480245, 9424.6991888545708)
1469699: (11925.198790068756, 11193.998914031299, 9395.1991714390897, 11214.798888414023, 12018.998802858721, 8512.9992606223277, 8790.0991638567921, 9691.4989878645629, 9200.9992070973658, 9853.9991500537399)
1482999: (10147.199124728919, 9536.9991736194261, 12296.598770491015, 10469.599123420001, 8577.699286882349, 8424.7992642013905, 9652.9991839707654, 8981.1992104602596, 10597.999123521726, 9822.3991881037509)
1497451: (9869.6990082068296, 9544.7991847643025, 10188.399146996417, 9530.7990553467462, 8679.5993189430792, 9904.3991607849566, 10374.998977758591, 9144.3992038115612, 10062.999140558719, 11831.998814320692)
1511735: (11844.798794274462, 10076.598988822805, 10524.59912293323, 10769.199104522944, 10207.399133515833, 9073.9992527445847, 11103.498850845423, 8916.3992684508048, 10553.599112341484, 11057.798849442528)
1526038: (10214.199146077313, 12346.198765422234, 7089.9993122300202, 9146.3992081666711, 8884.7992404390097, 9869.1991670084753, 7825.4993267884483, 9203.5992559409824, 10091.99903630028, 12325.798771658474)
1540641: (11133.398893487967, 6855.299293603377, 8897.9991410554358, 8969.1992594552721, 10261.699131981812, 10296.39913721331, 10248.399129226285, 11073.598893048087, 8576.5992769079094, 11308.398824972439)
1554569: (11676.198922440717, 11970.798840309108, 11662.398800335852, 10015.199148928405, 10164.199156627337, 9182.3991909449032, 10472.799120268108, 11275.698820571431, 9470.9990791262135, 11931.598801694045)
1567199: (9153.5992511010863, 10131.799147584914, 11922.998799659936, 9909.3991675699526, 9314.3992085203263, 11637.998806921769, 10185.399153028406, 9116.1992202254878, 10444.799132832766, 9403.3992531741351)
1579923: (8484.9993037760905, 8648.2992664137182, 9311.5992477155432, 10725.599108518842, 9139.7991958567272, 10045.799144902705, 9710.1991639487715, 11554.398923339952, 9978.9991559963219, 10845.599100968919)
1594010: (10353.099115865114, 10714.9991076808, 11469.998823332915, 9192.9992447277618, 10642.498961998132, 11085.198995088835, 8972.9992599468133, 10869.598870835429, 8887.5992605901447, 11652.398820144461)
1607039: (9879.3991771782185, 9359.7992439457503, 9754.1991507264756, 9317.7992474226867, 8512.9992785712766, 9775.1991676243906, 9420.7991752514008, 11209.998830147711, 8596.1992680085405, 9390.899205366246)
1620178: (10336.799134879191, 10392.599127900283, 8913.3992156112945, 9704.7991504757374, 10668.599115005813, 11115.598930241378, 12399.998783993851, 10403.999140071948, 10571.799112867198, 11035.999099501058)
1633697: (10188.999153473058, 10237.699141001978, 9881.5991727329056, 8690.1992740484748, 6254.599475633745, 9693.9991780401033, 7257.3993267838841, 10621.399113409203, 10031.899037795762, 12131.19878559841)
1647246: (10265.89914446024, 9244.5992575801101, 10548.599117866836, 10000.998955983041, 10407.999116396984, 12517.598759831717, 8999.0992350942633, 9816.2991526364076, 9956.2991395829904, 9851.5991681234809)
1661459: (11080.898872057123, 12354.5987754382, 10023.999140556731, 9118.59919255145, 11640.398849163974, 10286.599136423747, 9926.5990358309973, 9231.9990989248872, 11684.198827232249, 8697.9993003686941)
1674751: (8610.9992854576012, 8607.5993036723794, 8946.3992211247205, 10544.199008466105, 10134.899139224966, 9938.59903710256, 9509.999101309073, 8284.3993086839364, 9866.7991459060486, 9311.3992418333601)
1688317: (10108.799129089593, 10431.599125585635, 9927.7991555242515, 9132.5992550568481, 9887.3991468593267, 10091.398999933905, 11952.698788553806, 9625.1991590214548, 11157.598850371167, 8847.9992679835032)
1702023: (11758.898802319696, 8556.399145357298, 9429.5991846935704, 9698.999178713635, 12152.998783328263, 9978.2990578054323, 10055.799162617206, 9805.5991634941856, 10691.998962291187, 9823.9991485040173)
1715419: (10843.998898355283, 10453.999127098006, 9655.9991701325544, 9855.1991520477113, 9939.7991440483729, 10553.199122583152, 10200.99915886529, 10551.199120119494, 11532.99881738636, 9310.3992419028982)
1727635: (8446.5992811239466, 10182.599136741637, 10459.598869822148, 7665.3993301833334, 10087.599156182683, 8468.5993246353319, 8923.799262522527, 11474.998845634978, 8694.399274264244, 11467.49880959901)
1741290: (9644.1990605247993, 10762.599108926141, 11603.198922208259, 11802.998796560496, 9846.9991640230801, 9179.9992495934857, 9142.5991929289448, 10405.099120263934, 8688.9992805501497, 11719.598813038794)
1755065: (9270.7992443530457, 9739.9992276311623, 9909.9991549135066, 11285.198849808499, 9064.7992529559833, 1914.9988156617928, 7765.0993094013811, 12233.998779126139, 8810.7992535083213, 10604.799129475037)
1768049: (8420.9993066371153, 10946.298856520578, 10081.999168829199, 10119.199152902045, 10113.499145153244, 9409.7992409257786, 9172.099246210526, 10901.998869176829, 9312.5991094427227, 9492.7991795270391)
1782147: (8186.1993128312288, 10403.599118810576, 11093.398951574669, 10982.998904087266, 9170.5992516196475, 9212.9991186540246, 10038.998994209476, 9453.1992112351181, 11149.598908624761, 9144.9992490192944)
1796030: (9702.9991658509534, 10154.999130266984, 11601.198827222312, 10534.999120094459, -418.00084363611677, 10768.998891232532, 9648.8991910293444, 8844.5992624279534, 10799.998865304513, 9271.3992445513322)
1808432: (9591.3991780603701, 9770.1991754822684, 10296.099153902805, 10464.599120231152, 10576.399117174229, 9519.1992336663297, 10376.19912787803, 9267.7992452371818, 10712.198957369039, 9252.9991993884996)
1821383: (9544.3991837049307, 9469.799236972005, 11766.298813704578, 9130.3992474699717, 11800.198811127075, 10125.199152902045, 10262.599143993535, 8395.5992661333785, 12291.398776857584, 10009.498920125881)
1834163: (8922.3992718284007, 10237.299134447057, 9547.7990949937648, 11181.398907149347, 9937.5991635140563, 9235.9992453218201, 10429.399145468551, 9366.7992437172652, 10654.599113972665, 9277.9992511153905)
1847967: (9398.1992416831563, 12364.998772857716, 9387.6990648312349, 9960.599157941022, 10097.999149012641, 7999.799318968122, 8226.3992211843324, 12238.698773255281, 7976.9992710531469, 11018.398927373202)
1861768: (10218.598989458585, 10199.799162029105, 9910.9991461814225, 9867.599186581052, 11239.798933763213, 10523.399123275758, 9915.3991602385831, 10375.498892707747, 11039.898918407673, 9442.9991803150133)
1875679: (9143.8992013826719, 10124.599012704395, 9786.3991988921935, 9354.0992455747419, 10354.399126981181, 10650.398927472546, 10125.999136304932, 10119.599138627131, 10395.19913972942, 10223.599134347516)
1889321: (10071.799143007276, 8201.1992957346338, 10284.599126012801, 9290.5992447651133, 11265.998872534554, 10950.398852442231, 9323.1992472959246, 11416.198824589776, 9788.399044396976, 8612.9993040621921)
1902822: (10000.399139796178, 9957.9991466880638, 11103.798846561638, 9179.9992499113796, 7830.8993084862495, 11916.198782091667, 8699.9992956400565, 9149.9992519578027, 8742.3992608810131, 10500.599121184829)
1916873: (11856.598793681196, 10627.598877352202, 9699.9991919677195, 9017.9992504001366, 9441.9991826574769, 8742.3992731595736, 11112.398880317329, 11762.998804587254, 10732.198916798152, 8570.4992565642497)
1930100: (10447.399120096843, 9827.3991631512617, 10238.199151700017, 10932.39890751691, 10504.199123169265, 8979.9992322087983, 9404.8991289729765, 8971.7992685425961, 11160.798940568076, 9821.3990130151378)
1943856: (9632.5992323673472, 8898.3991349165535, 9465.9991867920526, 8197.9992456913733, 9357.5992440836326, 10465.999110285522, 10012.999150731244, 9542.1991737934713, 7402.7994712678974, 9684.9991708378748)
1956899: (10282.399016978841, 9565.5992318368662, 5934.9995245516684, 7114.4993943999752, 9860.5991599079753, 12372.198788052132, 8310.9993100345782, 10083.599142394143, 9865.1991695714751, 10933.598954758749)
1969839: (10670.999114869119, 11897.498778382074, 12419.19877035949, 8581.3992696448859, 8561.1993058753669, 8444.7992946394952, 10593.599110346715, 9599.399185725526, 6996.8994428390743, 10394.998935836667)
1983799: (10911.498857501272, 9049.1992560379404, 10844.199104254725, 8425.1993031573948, 11221.098835782932, 11851.398817305293, 9621.9991082510223, 11794.998793858418, 11573.998812759048, 10322.999143737634)
1997563: (11483.998814928658, 9549.3991610452304, 11986.098788506515, 10385.599118556262, 10300.199128752231, 7263.5993643717575, 8823.5992588020072, 9142.5992095785077, 9847.9991057794177, 7896.9993104915447)
2010181: (9695.5991839981816, 9636.5991840875886, 12119.698789020706, 8371.5993135866174, 8983.4991785715811, 8126.7993163554529, 10213.9991390388, 9379.9992381414486, 10721.798914848687, 8645.8992595567997)
2023871: (8330.9992848218171, 10368.599127761207, 11518.398922696222, 9002.8992163533712, 7340.3993177756356, 8118.7993054478038, 9637.998994298885, 11774.398815217142, 11983.398799670267, 11449.398827485767)
2038330: (12079.198777563701, 10627.999109435163, 11192.89886724901, 9453.5992388145842, 9622.4991619716875, 7403.999200848828, 11349.198840712832, 9566.1990974995406, 9262.9991990706076, 8302.5993118402021)
2052039: (10060.099070198034, 10827.999101090514, 9845.5991480367175, 8547.5991621431567, 9695.0991927153627, 7719.499351266084, 8820.5992644743837, 10685.999116091014, 7702.4992605180287, 9722.9991579036687)
2065106: (10312.999066172131, 9120.5992497122988, 11391.598832847403, 8174.5993193503882, 9670.3991781895111, 9956.399167440808, 12189.398793769407, 9051.2992014426727, 10315.999140687862, 10688.399111980678)
2078270: (8865.9992773771955, 9946.1991636964467, 12157.198778664399, 9210.5991556561858, 10321.999136436063, 9320.9992419462124, 8444.3992866302215, 11759.598813515629, 8879.9992756526353, 10377.198929523747)
2092779: (10925.79890165619, 11587.398818040418, 10520.19897312453, 10198.199029013809, 12031.798788228562, 10923.098837213445, 8702.1992727769102, 9860.799155025561, 10701.799111834052, 10699.998916026076)
2106220: (10375.19912848401, 9258.5991876638709, 9508.599176513826, 9890.5991840677198, 9678.0990068184383, 10811.999111282908, 11855.998798259227, 12320.798768429886, 11093.19884982837, 9501.3992394134111)
2121378: (10746.798897533537, 9582.1991902840873, 11953.798794030083, 10418.799124281486, 11593.598852665942, 10866.998861036822, 9811.9991486629642, 9950.6991402410258, 10280.399128272613, 10723.999104964814)
2136181: (11785.998814952502, 8910.8992704922584, 9407.9991683046792, 10157.399143660543, 8953.5990951475451, 10895.198867336236, 10231.59912119476, 8479.2992681919259, 10077.599158626474, 10131.599133497159)
2148845: (8473.9993047198332, 9352.9991853218053, 9250.5991781072589, 9057.7992083737008, 10467.999126152279, 9069.1992384347031, 9726.59922921625, 8870.1992606175645, 10449.399132065453, 9921.9991542379848)
2161765: (9517.5992340462126, 8537.7992770263263, 8449.7992785283604, 10447.798890204154, 9940.3991426452794, 10110.399136736472, 10332.799124440431, 9458.3991655732007, 10392.39911840606, 9920.7991623609032)
2176212: (10840.398955804612, 9463.4991875122723, 9423.9991990010676, 10309.099131421925, 11899.198782340021, 11307.798824162213, 10186.399135870217, 7725.9993381262466, 11455.198829527028, 9211.7992141831637)
2190616: (11622.798806795407, 9643.9992365321232, 8985.9992600362202, 8343.5992450532049, 11781.598786117367, 10946.398970459406, -192534.40101264743, 447.99995374680117, 9320.9991873841263, 11689.198804095715)
2204423: (10723.699117442251, 11761.398806822823, 10114.999135758559, 9234.7991231728502, 9788.9991532743734, 8730.3992773915015, 9759.5991690374176, 8562.5992768721462, 11368.19885460667, 10426.199122612956)
2218150: (9460.7991825430363, 9554.9992051105437, 8307.5992436028246, 10775.598957440958, 10158.59913207261, 8070.9993115843017, 9554.9991602282498, 9967.6989980740454, 11998.598796856133, 12123.398774755527)
2232230: (9687.1989871415608, 11566.198814079491, 9069.199252898763, 9353.1991842540865, 12091.598820588715, 9386.9992013355841, 9810.799154210963, 9688.3991728449619, 10065.598998131063, 9688.9991716922086)
2245549: (10018.599136910516, 9826.5990137176777, 9794.9991645992559, 11001.398833803858, 10533.598983313346, 6973.0994314915415, 9005.9992264589382, 11983.398800119288, 8386.5993089195763, 9371.999203252868)
2259447: (9696.6991882823659, 11261.998916057857, 12168.198778475651, 10337.999121960083, 8189.999240565372, 11471.998833112046, 10475.999128488778, 10088.099147445637, 11456.598822009293, 11636.698813305624)
2272894: (11387.098827219732, 11272.998864211757, 8764.399296119278, 10580.599115848225, 8938.3992552583113, 11917.398800059684, 11843.498799366878, 11614.998830761637, 9088.1992635183251, 12060.598825883591)
2285626: (9810.5991546428977, 9663.7992293426123, 7846.5993366794419, 9891.9991594434559, 8138.5991714613501, 10133.999161775984, 10301.599151938834, 10628.199114816665, 10004.199143712996, 11896.798839955451)
2298079: (10880.599109542052, 8992.7992624529888, 9392.3991883342223, 10010.899141259471, 10942.998912074283, 9839.9991577546571, 10840.799105653048, 7902.5992494182565, 8859.3992598776713, 9371.5992418623664)
2311904: (10409.599154930987, 10355.198942418212, 9206.1992047878812, 12129.998774445186, 8358.4992233644698, 9879.5991538819435, 8790.9992375752045, 9105.5992527819362, 11139.998838730777, 9278.5992446419295)
2324229: (10578.798861941621, 9311.9992465735177, 9190.8992575799093, 8490.3993032718354, 9209.9992442012499, 10560.999107974849, 9307.1992417725633, 8850.3992242559525, 10451.599125931343, 8829.1991194439888)
2338982: (10996.598851612935, 10365.799133736769, 11435.198836222617, 9151.9992520591313, 10635.398920679605, 11157.998912044479, 9856.5991508083316, 9505.9990024448525, 8910.1992708298258, 10068.799146521964)
2352040: (9935.4991660148698, 10150.199124818326, 9900.8991614376282, 12100.398778294057, 12550.398763043217, 9295.9992495458027, 9973.1991579485712, 10513.599120578847, 8932.599266528754, 10032.999157633461)
2365853: (11116.9988848747, 7770.9992711028181, 9165.0992533730168, 11760.598807207472, 9268.3992027188087, 11817.198855709355, 6899.0993669595928, 10138.799143958966, 9642.9990039449003, 9084.9991817057889)
2379775: (9705.7991871226568, 10079.599138281425, 11660.398813778686, 12036.198780363136, 9815.1991501403645, 10698.399108471951, 10970.39888159883, 8208.9992109319373, 10119.699139456232, 9488.5992366588816)
2393252: (10751.399122945946, 9979.9991789222513, 11479.198928729009, 9819.2991590737056, 10466.59912003247, 10421.799117178602, 9341.7990889339599, 9511.1991838169852, 10802.199102923554, 11588.798846134468)
2406768: (8648.3993045592961, 9779.1991736007512, 10392.599125615441, 10851.999010034502, 9005.9992709120797, 9640.7989685584216, 9224.5992498474006, 8009.3992709840049, 9666.9990297338427, 8610.1992300602524)
2419439: (9397.7991800257332, 11721.698816279895, 10605.399110440892, 9096.9992613654031, 10226.399148049433, 9635.5991600271846, 9189.9992096702972, 11857.598788640627, 10143.599135813791, 9805.7991650689419)
2432539: (11645.598855695844, 6439.1993664058709, 10186.799130003532, 10275.999119766633, 10189.399153105893, 9395.399237041147, 8382.4991940687905, 9293.9991796772447, 9861.3991906766823, 10519.399111950874)
2445854: (9119.9990682881089, 8853.9991539598414, 10559.299131943662, 8917.4992254804311, 9835.3991556609471, 10471.099117224099, 10229.999133479674, 10038.999149447758, 9660.9991826197274, 11570.09881309939)
2459407: (10086.399157089469, 10690.398880893512, 9238.5992481029716, 10436.399007501701, 8962.1991049699936, 8831.5992640670847, 8663.3993025347245, 12009.198781644633, 10921.198983386461, 9796.7992255974514)
2473318: (10193.999140012342, 9717.3991588279387, 10016.799151945985, 12499.998762643469, 10031.999145476102, 10989.998949325191, 11618.7988246768, 9337.999201941564, 11600.198836828597, 9412.9992401262843)
2487340: (9327.5991965946287, 9470.4991832902779, 10816.598909270482, 9179.3991834446533, 8753.1992749723468, 8677.5992685374313, 9641.7991587508513, 9865.9989993056734, 11292.398843867109, 10475.999130245129)
2501517: (10041.199080621493, 9522.9991838118203, 9741.5989850975202, 11180.798990969759, 7574.9993878484265, 10486.399117988825, 10692.599104833287, 6789.4993329873369, 11748.598806094855, 9548.3992418472681)
2515780: (9556.3989932283894, 9266.3992507680941, 8608.3992884978325, 8209.3993153099873, 8053.9992961447097, 10042.398992183314, 10390.99912675031, 8713.9992811263273, 11934.398785653244, 11758.198802486393)
2529868: (9604.9991723081239, 8849.9992913485221, 10979.798854369845, 10153.999128039759, 11364.498843523985, 8953.5992616828971, 8864.9991281609637, 8545.9992712220246, 10482.599131198407, 12020.39880918913)
2543321: (8023.999320423668, 10505.999124085984, 9045.3992142999887, 10697.599054079943, 8795.7992715784603, 8979.1992658607851, 10141.598994177288, 9766.9991693080228, 10339.599119883458, 10966.998967117173)
2557472: (12012.998787858218, 8407.9992053867172, 8182.5993057803953, 12212.998782712351, 11345.998833644517, 10280.799148886283, 9856.7991438318095, 12008.798804331747, 12129.598818701235, 8556.5992829319548)
2569912: (10681.399109733584, 9709.3991459732042, 11265.798845504645, 10346.399135663589, 9413.3991784378668, 12388.798780569365, 8984.5992907798936, 8513.5992792265297, 9761.9991749287419, 10513.999121793191)
2583338: (9535.5991842366002, 11084.598897369424, 11483.598828516131, 9066.3992106064889, 11270.398849748099, 9932.2991686501864, 8643.0991317596927, 8979.0992542074819, 8848.7992678571427, 10583.599114228964)
2596283: (10323.599160732505, 7584.3992880806027, 8384.5993085897626, 9874.1991567227014, 9263.7992449192916, 10069.399154596007, 10197.799133240062, 10695.999111064357, 9753.599153866051, 9709.9991671721891)
2609769: (10472.999115326089, 8398.5991997238798, 11156.398844494946, 9290.5992500103202, 9311.0992019143468, 8064.1992879284116, 9584.7991937685747, 9464.5991845485314, 8340.9992866496923, 11324.798821120388)
2623041: (10906.99910361179, 9662.3990069374486, 8894.1992648693595, 9722.3991753284881, 8999.9992579897953, 10000.199161594388, 10038.998946505899, 10700.599127721469, 10325.599125641267, 11831.998803067334)
2636359: (10454.999121703784, 9343.5992574708362, 10392.599119774182, 10461.999119277876, 9726.9991725664113, 9365.1992439580663, 8614.1992269012062, 9397.7992477405751, 8706.3992322429731, 10487.598968984395)
2649847: (12009.998835480337, 10615.199115907431, 9596.3991888190048, 9850.1991613519967, 12320.598772001002, 10301.599135837634, 9058.9992197732845, 9458.7992369223357, 10673.499112251482, 9645.5990893658927)
2663908: (9237.9991882921004, 10211.999130563019, 8350.3993098164283, 12101.598782680163, 10754.999106564206, 10923.999103979349, -1335.6007366950653, 12239.998775192233, 10041.799069761133, 9958.5991435465021)
2676330: (8798.6992658478703, 10271.999132621366, 10576.199110771498, 9191.1992447925295, 9260.3992447678938, 10330.599127490997, 8935.9991977692389, 9303.1992442759565, 9839.1991631858345, 9031.7992217887167)
2689636: (9067.5991613484257, 12006.598782749701, 9437.3992390955191, 10206.39915031441, 8893.099218385094, 11786.998842475932, 9460.0991991824649, 10794.999105936371, 7122.6993174853606, 10148.799135427555)
2702724: (9890.199146482626, 11914.398806069819, 11368.798859466036, 9258.3991597240001, 10414.999118465264, 8950.7992555150104, 10179.599150917607, 10143.199135644514, 10672.799109487614, 9465.1991661700358)
2716365: (8478.29924647398, 10277.599134784619, 10006.599138199967, 8722.2992736735614, 9186.3991990511367, 11774.998796620102, 10279.39915383307, 10698.799118348838, 9427.9990599633256, 10037.399145893731)
2730479: (10069.599138162213, 8496.9992821793439, 10485.998983411098, 10360.399121167738, 10668.599118800641, 11057.998877970498, 12496.398765447271, 10520.998905068756, 9695.5991783953486, 7980.3992628002889)
2744298: (8130.5993032770011, 8977.9992573818254, 8839.999267534482, 10028.799164979535, 11198.798982132374, 11283.398911448829, 9263.5991023597053, 10346.39912738649, 11174.598840665549, 11796.198828026976)
2757683: (11777.19878869785, 10637.599009396334, 10027.499142292221, 9473.9992417137528, 10090.199150507926, 10232.999142605146, 10052.199146057446, 11440.798927709369, 9026.7992523122539, 8733.1992705019984)
2771356: (9548.7991570719842, 10365.999118375858, 10085.999139066616, 11555.798830190228, 8103.7991837013615, 9219.3992487832602, 10750.999110021274, 8765.3992634658716, 11567.998818345992, 12131.098793861001)
2785334: (10318.599133642196, 9755.2991662759323, 9200.5992558515754, 9786.3991749708603, 9287.79924303181, 11631.198807592522, 9559.6991670929183, 10478.399130545537, 11659.598861994069, 12153.598776246838)
2799340: (12659.798759578596, 9715.5991592105984, 8319.7993132460779, 8040.7992634066668, 11314.498902870331, 8812.4991740515652, 9654.1991609784745, 9192.9992062032979, 11338.998907723138, 10934.39893175613)
2812508: (10401.499122451822, 8160.0992711053996, 10259.399132713157, 10653.999112761101, 8860.1992716444238, 10352.999134717464, 9631.1991813334571, 11212.398874086657, 9006.7992500154869, 10510.399115187409)
2825347: (9502.9991721054666, 8895.9992627859792, 11007.798862615151, 9768.7991559991005, 9976.9991485854771, 9770.5991432385417, 9781.5991416272318, 9579.5992337561383, 10854.399100139222, 9656.5991776880383)
2839451: (11747.798790274986, 9999.3991547152182, 8852.5992502884765, 9424.6991840504379, 8618.5992793755413, 8829.1992573691095, -192438.20107774046, 1569.9998135566934, 10030.199132805346, 11547.398820631232)
2852117: (10050.599155219077, 9689.5991846776742, 9906.2990809916409, 9436.7992386508704, 8962.5992551363215, 10234.599130264602, 9846.7991792051725, 10416.599123406093, 10682.799119421721, 10562.499123248537)
2865058: (10181.999000557367, 9546.3991701746745, 10054.599167815521, 8909.9992643277528, 9222.5992428974987, 10302.199118996939, 9336.9992488404805, 7527.5992438412495, 9403.9992397388542, 10147.199153577563)
2879135: (8262.4992673328234, 10502.598994187218, 10197.999157242057, 8095.4991764059514, 10915.398903298896, 9841.1990015619067, 9030.1992619686007, 10509.199126358113, 9259.599191111005, 10749.399117076875)
2892702: (9752.9991620759938, 9709.599164841251, 10521.998934833322, 9175.9992500703229, 9193.7992555289165, 7595.3992993160764, 9033.7991216171686, 10716.399107041441, 11698.598808379698, 9499.5992416557383)
2906295: (9611.5991649048301, 10007.999155648627, 8136.599311558075, 11824.398826375134, 11618.398792281281, 10751.399110707125, 12434.998764155438, 11916.598814320294, 9950.5991574840536, 9166.9992025554911)
2919545: (12480.398765538663, 8981.59926575588, 10877.799099297208, 11153.998859135434, 9745.7991692015294, 11322.298841877704, 9911.9991685033619, 10694.999118950049, 10208.399133585373, 9527.5992397285227)
2933012: (10266.799136528252, 10450.399117245755, 10150.399168771977, 10329.999124197246, 12608.798758515646, 10960.198922341378, 10600.599113197804, 8806.1992321066773, 9758.999169228553, 10592.399125729482)
2947091: (12672.79875680698, 8334.9993127644721, 10574.599137337686, 10600.999115075747, 10942.798901129681, 6331.3994011923269, 10476.998977202282, 9594.7992335844756, 10508.399117881538, 11575.198827937571)
2960001: (7730.5992803093504, 9376.5992444432486, 9305.999175218818, 10130.59913616546, 10137.999137091716, 11202.398902080968, 10229.599145084301, 10819.399106336119, 8888.3992606346492, 8700.7992157746121)
2972877: (9994.1991376929291, 11873.198785359989, 10231.399156376201, 10048.399132905879, 8697.5992814319015, 10035.999141005754, 10501.999133833329, 10926.398934962859, 9645.3991599405581, 10640.999108074191)
2986901: (9943.7991569627084, 10067.598974905128, 10010.999068464929, 9066.4992030194153, 11602.598856242219, 8677.1992536537564, 9902.1991400373772, 11253.198837672997, 10638.199127003829, 9730.9991759042714)
3000594: (9484.9991193792066, 9190.3991986935071, 9883.5991708255588, 7749.9993245284431, 11760.098797725368, 11977.498799525827, 8319.7992556282588, 9567.7992338129588, 9166.3992077335461, 9930.5990446008236)
3014636: (9560.499169660683, 10408.399146440108, 11736.798821974722, 9251.9992230296848, 10455.499117437084, 9972.9991654734586, 8745.199154094149, 8450.7992666650516, 9599.1991728318499, 10668.199114029887)
3028015: (9527.1992331894944, 8829.9992638509157, 8989.399259730646, 10216.499138626536, 10742.598960470863, 11291.798852949265, 10729.598960639745, 9706.7991662709701, 11608.798807987501, 9245.9992473205621)
3041234: (6671.9994177401586, 10007.799153644717, 8262.5992512222856, 10318.599128456592, 9885.9991734704108, 10827.199104709707, 10352.49912299025, 8956.3992157205666, 9050.1992545577559, 9924.1989953570646)
3053900: (8855.5992680407253, 10879.199105067333, 10714.599108946008, 10097.599161864993, 9095.7992719162194, 10675.599109480461, 9044.9992117266593, 10201.79914128669, 10581.998920309659, 9829.5991645273334)
3066944: (10595.399117891471, 9410.3992025876778, 9998.1991504880571, 10054.199156877674, 10092.399144214867, 11754.59879588259, 10143.599161646443, 9518.9992462754944, 12101.998806325724, 9856.7991562573879)
3080859: (10375.199126703819, 9708.5991923130277, 9786.0990100966956, 12004.39878825598, 10552.99903736323, 10441.99911569365, 10298.799121309201, 9737.4991592000715, 10539.399110162736, 10323.599124254466)
3094246: (8917.5992574112333, 9475.7990012158061, 8886.999101179932, 8496.0993066496321, 8522.3992690786417, 10843.998949563615, 10115.599038781422, 10032.399137121913, 9009.9992172400889, 9158.9992515703725)
3107178: (9941.5991616265765, 9237.5992470002857, 10491.499002936582, 10953.199032580151, 9152.5992593483807, 8984.3990827148136, 9127.3992562417861, 11462.99881919039, 9469.7992371309501, 8174.3993158960984)
3121257: (9099.5992577092547, 10200.999140717664, 10298.799003450971, 10423.998966411858, 9137.3992494389113, 10798.59888385904, 9737.9992285927856, 11587.198829010456, 10102.19914200433, 8833.2992691734125)
3134908: (10009.999137409608, 10318.3991525317, 7186.4993672699384, 10029.399146767932, 10235.398960237215, 10246.199129507224, 10889.798907914677, 10638.998958704979, 9966.3991641625507, 9407.0991855826724)
3147885: (9766.3991577570414, 9796.5991712924588, 10012.799157131591, 9444.9992369672364, 9864.1992274972527, 9539.7991663365337, 10039.199154121954, 10206.199132288773, 11018.998885142923, 9516.599101872931)
3161043: (10699.198873276831, 10386.199136898198, 10066.99913143921, 9214.1991861912356, 9928.9991636296872, 11541.998835134635, 11727.598815085217, 10035.599136612494, 9505.1992415540135, 9909.5991661962635)
3175040: (9244.3991932615427, 12018.998801269263, 10287.399130515734, 9321.8992441986702, 9620.5991236484897, 11443.598943195449, 9801.599151970624, 11336.998861569289, 9645.9991534790188, 10123.59913945365)
3187352: (9346.3991925343635, 7766.2993437487548, 8560.3992610121477, 10378.799119521063, 9166.3991993094223, 9436.999211476319, 12376.598767530651, 7740.5993200855137, 6910.9992888550714, 7811.1993507815059)
3200797: (8313.9992111604206, 10471.799118338904, 8694.2993076481998, 9762.3991560563227, 7976.3992678348932, 9038.3992498660791, 11787.498791658012, 10256.999129492124, 9546.5992402351603, 10910.399103465161)
3214755: (10700.599110833487, 11006.798891255179, 9378.7992482074806, 11569.598828834025, 11969.798782943613, 10095.99903562476, 9732.4991668393977, 11033.998921609034, 11828.79879151675, 9829.9991487225707)
3228338: (8902.5992587722048, 10044.799157469351, 9266.5991992271684, 9327.1990685932778, 11305.39883465819, 10014.399144592362, 11381.098825312383, 11289.798833965189, 8948.6991932454457, 10176.399147711672)
3241283: (10105.599123491525, 8277.3992871368573, 8760.4992970159328, 10823.199104709707, 9067.5992532786422, 9784.9991566956814, 10424.599145284968, 9183.3992519423045, 9623.1992361975445, 12331.598770938048)
3255353: (9307.3991626744246, 10402.59914759763, 12221.998774377635, 9934.5989629543947, 9466.199179734067, 9623.9992313345956, 10543.799123087407, 10716.999103901864, 11942.598834128901, 8268.9991919379281)
3268848: (9451.7992108453036, 8595.5992786702209, 11549.998822895812, 10115.399140429972, 10260.799142369508, 10964.398919743813, 8428.1992811811651, 9641.3991669540374, 10717.199115359068, 11162.9988874377)
3282477: (11575.598801213233, 8840.7992672610962, 8328.7993117261594, 10979.598941824546, 10803.798915619573, 10054.999166844364, 10108.799123605968, 11637.598800561555, 9240.599203796859, 8773.9993054430361)
3295886: (8765.9992984295532, 10494.199111844382, 12009.598790071139, 9825.199167048213, 9958.1991623493814, 11099.998894782979, 8256.1993203414131, 10710.99894281836, 10980.498852325602, 9674.3990921800269)
3309143: (7477.5993585603073, 10786.399110192539, 9535.1991602175221, 11131.198892767548, 9854.9991603871949, 9684.9991622230173, 9987.1991464448747, 8097.7992728341342, 10900.598915568706, 9018.3992543245058)
3323080: (9880.5991669611903, 10196.39914683747, 10039.39914157438, 11585.998828280099, 1039.5988371985441, 9217.3992481752921, 10652.099113570333, 10393.799119431655, 10548.799125561, 8934.9992563904016)
3336133: (7686.9992906432053, 9454.5991930084165, 8713.7992673067947, 9384.9991838475817, 10559.599116903228, 12444.998762645453, 8748.7992626715386, 11454.998879212259, 10325.999122667394, 9199.1992597691915)
3349852: (12098.398809832859, 10523.999119329534, 9978.199141090392, 10712.998996812204, 10149.799102742363, 10077.59913846024, 8369.7992775428975, 10093.999138450701, 10716.799112956603, 11949.398797087402)
3364416: (10356.199142977872, 10791.998913852492, 11724.398822548514, 9855.49896894208, 9156.5992054260514, 9615.3989469453882, 9572.9991896332049, 11545.99882357133, 11987.998790411284, 8469.9992929379823)
3376925: (9353.5992548084942, 10627.999112383606, 11717.998837995652, 11379.398925646652, 8770.9992728015477, 9343.4992458453489, 9669.6991783979283, 9039.1992500337674, 8337.7993114579367, 8787.7992152957868)
3391100: (9350.9991689901326, 8707.9992756029642, 11694.598811459271, 10161.798973181752, 9515.1992368015344, 8205.199314708776, 11351.998941826927, 9714.9991520822823, 11901.998786854874, 10465.598936122378)
3404607: (10873.99896315347, 7834.9993114054841, 9138.9992010375609, 9214.2992478448868, 11107.7988430847, 8150.9993264139339, 8108.3993331933652, 9810.5990828590529, 10645.5989437915, 11925.598816694546)
3418513: (8491.3993033612442, 9210.1992102556178, 10660.998892265676, 8808.899263480771, 8578.9990741989022, 12094.598791531453, 11169.098869757576, 11331.598873219607, 9684.9991748512548, 7724.5992744680962)
3432301: (11598.798816199032, 9050.5992486592841, 11653.398822391555, 9773.5991468446246, 7998.3992824181596, 10282.599131218272, 10320.598995955494, 10415.199118569773, 9905.9991632263645, 10088.898974338677)
3445774: (11031.598868391631, 9139.9992134452605, 10311.39912548113, 9606.9991893252482, 10478.999119458676, 9456.1991654885587, 9608.1991886151573, 10179.599161388156, 9684.5992289102796, 9098.1991758597687)
3459303: (11143.198873177489, 10397.599119327147, 9964.5991614974337, 8717.1992711377843, 10680.999109353703, 9120.7992553203003, 10840.798908115348, 9027.5992519435003, 9262.5991978761322, 10932.598903270284)
3472744: (11330.598831267882, 9301.899241246254, 10373.199141259271, 9270.9992482146336, 8857.3992716217726, 11212.798888414023, 11707.998830107974, 9118.599202167663, 9356.9991851429913, 10186.799126852433)
3486488: (11880.198795939812, 10202.598980577497, 10006.999158479848, 9100.9992234489055, 10518.599126052539, 9281.9990417441732, 10665.19911213247, 8482.1992853614356, 10091.799148995555, 10824.998882301772)
3499570: (10347.199139947968, 9833.9991681338124, 10279.599128605603, 11101.798851429348, 11498.898813167738, 8834.3992622320566, 9095.1992568326677, 12090.598778458167, 9296.1992391519452, 9843.3991724972675)
3514348: (10433.998929071544, 12258.398791395157, 11187.998883084572, 11295.598958156213, 8576.7992657511077, 10749.598865729298, 8971.1992485277551, 8733.1992649786371, 10052.59913481442, 10883.398904753245)
3527908: (10001.59917022951, 10927.598902759673, 9768.3992240771368, 10377.999124078035, 9375.4991790285494, 10336.599143437226, 10727.199110511227, 10164.598916085284, 9691.3991713568321, 9735.1991782697805)
3541146: (10588.399110617715, 9399.1992433342057, 8919.3992621426478, 8535.5992814716374, 8927.1992568724054, 9667.5992302315153, 10142.598940264896, 10960.598907224057, 12302.598778875401, 10261.199131106616)
3555832: (9348.7992361196593, 10257.299151076752, 10127.598905982297, 11673.398821994191, 11907.798788995473, 9363.1991052779467, 11726.398789150051, 9289.1990066024773, 10335.799133927503, 10106.79914445567)
3568940: (9344.7992391475746, 8212.9993165712222, 10974.998847601935, 9441.5992448147845, 9755.4991500805609, 9854.5992231683649, 11625.998792060345, 9968.599152576604, 10019.599151970624, 11274.498819841076)
3581867: (11621.798824766207, 8852.5992911732865, 9948.7991500982444, 10707.599116406522, 10752.598920446353, 8769.799267330638, 8818.9992578447545, 7743.5993385132788, 8772.1992734126925, 9064.9991075377584)
3595328: (9139.1992535146765, 10094.399138651768, 9175.9992086172824, 9738.3991499170443, 11688.39882684005, 10335.999151067017, 9087.3990934019239, 10282.399128856738, 10778.598962656366, 10104.79913535603)
3609353: (8687.9992236972575, 8970.1992922676254, 9161.5992495632854, 10540.09898063213, 10877.598910055278, 10456.399150016385, 9504.9990028521497, 8337.5993133601241, 12266.598771365219, 11466.998826327052)
3623003: (9493.5991949058316, 12173.798789929278, 9469.9992315054642, 10143.999149735848, 9422.9991653145116, 9082.5991889751695, 9994.3991664394507, 11048.398898782847, 10883.798891777713, 9347.5992429948583)
3635977: (8948.9992053489641, 10079.799157352129, 8944.3992568994272, 10059.899136075854, 9415.3991804366087, 9594.9991995871806, 10304.999133970419, 9027.1992617401174, 8673.5992704408054, 10691.398926985776)
3648619: (11451.598886829337, 12164.398798666924, 12186.098773410647, 9507.9991835038636, 9456.3992428208094, 8458.9992836098554, 9722.9991855403532, 9962.9991492013924, 9960.5991824385274, 9579.5992339150816)
3661043: (10244.599142662366, 11982.498789184419, 9894.5991565343502, 9263.5990648485222, 8691.3992223188034, 9249.1992466800111, 8262.1993147266567, 9220.3991671348394, 9684.3991727178054, 10602.999112651827)
3675057: (9228.9992153824096, 8714.4992661605957, 9486.9990454098606, 11138.398893239615, 9700.3991841221596, 12268.998766400548, 12469.198771368792, 10014.599151785851, 9100.3991341933452, 10109.399159781611)
3688396: (11178.598942311315, 8896.5992701765572, 11375.998931455719, 8192.1993203414149, 12138.398775293954, 8983.9992573818254, 10012.799143720547, 9924.9991592944425, 8991.4990350237531, 9957.1991417559784)
3701445: (10176.099138067841, 8337.1993113907847, 2389.5987642822001, 10499.599125128667, 9894.3991590365549, 11157.998851585513, 8876.9992610793015, 9101.9992570162522, 10184.599159967578, 9924.399167075233)
3715364: (9250.099252965716, 10834.598892114282, 10507.599116017105, 10180.599140079497, 10831.998963185257, 10965.998951840504, 9701.7991788177442, 9927.9991471847716, 12101.998786576716, 9453.3991792445158)
3727509: (9807.1991844726363, 8106.3993333006538, 10041.899140268049, 7730.1991894893717, 9772.2991637029991, 9145.9992555340814, 8392.1993095529742, 9172.9992156804346, 11325.598918062164, 9275.5992451525435)
3740772: (10355.599127115487, 9718.7991455484243, 12431.99876550449, 10592.79911119628, 11825.598828555869, 9501.5992390013434, 8871.4992611240032, 9524.9990121107367, 9536.3991858983791, 9650.3991944417121)
3754795: (9748.3991688117167, 8459.9992054383729, 10203.599127473115, 9384.7991704552151, 11453.998817281057, 9858.1989853037539, 9791.9990576188702, 9853.5991818126786, 11737.998888766879, 8461.5992974258133)
3768824: (10205.399028949436, 9093.3992564007312, 9910.3991536443209, 11501.598848364474, 6981.9993753314648, 8514.5992306189473, 10629.599112798453, 9206.5992572820887, 12088.598783107334, 12461.398763927351)
3781944: (10325.99912536947, 10326.999131347815, 9996.5991289532976, 10751.599109579804, 8973.5992572801024, 10620.399109242839, 10087.498947273807, 8252.9993117511931, 10434.599117548943, 11115.399096044386)
3795443: (12166.998798567189, 11791.998795100182, 9421.9991696954548, 7976.3993169093792, 9738.9991801759388, 11515.198833083437, 9057.9991916100935, 10176.999139088473, 10421.499129735508, 8368.3993058149699)
3808978: (11829.998800544074, 10141.999140389838, 11243.998903620357, 8789.5992653863323, 7891.7993249484543, 11266.998873311401, 9395.299017335883, 10841.799109120053, 9667.4992327204072, 8807.3992749576464)
3822728: (11375.598875742871, 10209.699150618193, 9305.1992523702684, 10682.999126293344, 8815.5990527090471, 10317.799118275327, 11848.798809259062, 9918.1991532696084, 9280.9992017130789, 9839.999153900224)
3835725: (9889.3990715866239, 9546.5992376125541, 9044.799238710475, 10220.799144646406, 9998.0991384850731, 9574.1991985890018, 7953.1993247024866, 8737.599264722734, 10916.998961673286, 10205.999129422586)
3848491: (10160.399144711573, 8385.5993038313281, 10712.798886466944, 11919.198807036209, 8720.4992747834021, 9977.3991498792948, 9912.7991431244991, 10237.399141602196, 8143.3993241930657, 8998.9992122233652)
3861944: (12129.998800333467, 10521.19912172882, 11126.399092271411, 6230.5993945992641, 10413.999120660703, 12141.198786631556, 9794.1991901847468, 9674.7991603462669, 10083.999142543553, 9076.1991829646413)
3875258: (7029.5993248836894, 8470.7992847848618, 10708.399108114321, 10718.398890636878, 9426.4992408484923, 9805.799140690644, 8917.7992562640411, 8959.3992621525813, 10757.598882001364, 12097.598795395821)
3889238: (9662.3991680090403, 8620.1992719424452, 7555.7993272690619, 7767.2993220188846, 11082.398930087202, 10001.199170195339, 9910.5991471128455, 9230.7991789667558, 10740.798941184001, 10160.798954138072)
3902824: (10380.798993655942, 11688.998813297478, 9968.3991716330002, 10721.399116071543, 8752.4992040724319, 12266.798771747877, 10183.999135748625, 9041.3992267970971, 11155.398916892718, 9615.1991765650873)
3915708: (9615.3992282991312, 9675.9991675496858, 10706.399109286547, 9892.5991621530829, 10150.199137156485, 12674.598759929071, 10896.598950973859, 8534.7993040371603, 10219.999129561664, 9774.799153078473)
3928582: (9875.5991697526733, 8726.5992654479232, 9113.599262576965, 8697.3992834532928, 10523.798878402436, 9315.5991771714671, 9658.1992356034825, 9631.3991680189738, 10110.798971101556, 10481.999138999061)
3942289: (11704.19880774153, -192876.80097395647, 1623.9997892380011, 10128.799125322581, 10511.999119297745, 10821.599107346614, 9918.7991513499401, 8585.9992648800908, 9058.9992523849705, 11013.998846538985)
3955505: (9013.5992577092547, 9775.5991592622559, 8671.5992242710527, 12077.098835167013, 10186.399132365465, 11479.198826475269, 10826.999105876765, 10325.399128528912, 9746.9991834541906, 11772.198827987242)
3968258: (9248.1992500953584, 9916.5991499341326, 9883.3991031293917, 8775.599263729322, 8212.7993017880799, 10580.399111174027, 7381.9992950738169, 9061.5992088533203, 10509.199123842796, 10003.699129736702)
3980603: (10331.099121865313, 10168.999132849853, 10360.59912003247, 10828.999105876765, 8676.5992738521782, 9496.5991702990505, 10327.999128667592, 10556.599123350463, 6550.4994847308017, 10356.799120315791)
3993478: (12042.098798961171, 9007.9992638111817, 9476.199242597093, 10300.999135877768, 10317.199129517157, 10433.399111851537, 9513.4991721541464, 9118.5992508447871, 8974.5992601629787, 9672.5992304599986)
4006363: (10757.099109427812, 9730.9991587063432, 9337.1992435289139, 8766.1992635143488, 10917.499100429894, 11704.398805362513, 8639.9992669106214, 9086.5992531892352, 9023.599262813399, 10504.999115334034)
